100 ms windows, full band dBFS: ducked music stem and instrument stems (instrument stems as stored)
 t      frame   mus   string   vibes  guitar    bass    harp  marimb    pizz   glock
147.60 f4428.0  -29.1  -35.4   -72.4   -35.9   -54.1  -240.0   -33.0   -34.2  -123.1
147.70 f4431.0  -29.9  -35.8   -75.9   -36.4   -54.9  -240.0   -36.1   -33.1  -125.9
147.80 f4434.0  -33.5  -35.9   -75.4   -37.2   -55.6  -240.0   -45.4   -37.8  -128.9
147.90 f4437.0  -31.5  -33.5   -79.4   -37.6   -56.2  -240.0   -35.1   -50.1  -132.4
148.00 f4440.0  -34.0  -34.5   -79.2   -38.4   -56.9  -240.0   -38.8   -53.6  -136.2
148.10 f4443.0  -34.1  -33.5   -81.5   -38.3   -57.4  -240.0   -46.4   -54.0  -137.8
148.20 f4446.0  -33.1  -32.6   -82.5   -38.2   -57.5  -240.0   -55.0   -57.3  -138.5
148.30 f4449.0  -32.6  -31.6   -81.7   -37.5   -57.2  -240.0   -61.8   -60.4  -140.4
148.40 f4452.0  -30.8  -30.1   -84.5   -37.2   -57.1  -240.0   -67.2   -62.4  -141.6
148.50 f4455.0  -30.5  -29.5   -83.5   -37.7   -57.5  -240.0   -75.1   -66.0  -141.7
148.60 f4458.0  -30.3  -29.8   -87.1   -38.0   -58.2  -240.0   -84.5   -71.4  -141.6
148.70 f4461.0  -30.3  -29.7   -87.8   -39.2   -59.1  -240.0   -88.1   -74.6  -141.6
148.80 f4464.0  -30.8  -30.0   -89.4   -39.7   -59.6  -240.0   -93.7   -76.7  -141.6
148.90 f4467.0  -31.0  -30.2   -92.5   -41.2   -60.3  -240.0  -102.6   -81.8  -141.7
149.00 f4470.0  -26.2  -30.3   -92.1   -42.1   -27.5  -240.0  -105.1   -88.6  -141.9
