Release candidate audio, decoded from the MP4 (mono sum, 48 kHz); stems audio/mix/v2/*.wav verified identical to the film (lag 0, corr 0.99996; sum of stems vs mix corr 0.99994).
Columns: dBFS RMS in 300-4000 Hz unless 'full'. frame = t*30. Nothing was listened to.

== ebur128 of the MP4: I -15.5 LUFS, LRA 2.2 LU, true peak -1.3 dBFS

== R1-40 readout beep vs 'It's' (40 ms / 20 ms)
t(s)   frame  narration  music_duc        sfx  film_mono
   2.60   78.0     -70.9      -32.8      -52.0      -32.8
   2.62   78.6     -71.1      -32.9      -50.4      -33.0
   2.64   79.2     -71.1      -33.1      -49.1      -33.1
   2.66   79.8     -52.2      -33.4      -48.0      -33.2
   2.68   80.4     -18.9      -34.9      -43.8      -18.9
   2.70   81.0     -14.5      -38.2      -43.7      -14.6
   2.72   81.6     -16.4      -40.6      -47.6      -16.5
   2.74   82.2     -37.5      -42.5      -38.2      -34.5
   2.76   82.8     -42.9      -41.5      -31.8      -31.0
   2.78   83.4     -33.8      -39.9      -29.5      -27.8
   2.80   84.0     -34.2      -40.1      -29.2      -27.7
   2.82   84.6     -52.8      -41.2      -31.3      -30.8
   2.84   85.2     -57.2      -43.0      -38.2      -36.8
   2.86   85.8     -34.6      -44.9      -56.9      -34.2
   2.88   86.4     -34.1      -46.1      -68.4      -33.9
   2.90   87.0     -42.7      -47.6      -67.9      -41.4
   2.92   87.6     -18.8      -48.8      -66.0      -18.8
   2.94   88.2     -15.3      -49.6      -66.8      -15.2
   2.96   88.8     -14.0      -50.8      -67.9      -14.0
   2.98   89.4     -14.0      -45.8      -67.9      -14.0
   3.00   90.0     -14.9      -36.8      -67.1      -14.8

== R1-24 n02 'estimate.' (40 ms)
t(s)   frame  narration  music_duc        sfx  film_mono
  11.60  348.0     -21.9      -38.6      -67.7      -21.9
  11.64  349.2     -21.0      -40.6      -67.5      -21.0
  11.68  350.4     -23.8      -41.1      -64.9      -23.7
  11.72  351.6     -36.3      -38.9      -66.4      -34.3
  11.76  352.8     -42.1      -38.3      -68.9      -36.7
  11.80  354.0     -30.0      -39.9      -64.7      -29.8
  11.84  355.2     -27.2      -40.4      -66.5      -27.1
  11.88  356.4     -28.5      -42.2      -67.0      -28.5
  11.92  357.6     -25.8      -41.9      -67.5      -25.7
  11.96  358.8     -25.4      -41.0      -68.0      -25.3
  12.00  360.0     -32.7      -40.3      -67.9      -31.7
  12.04  361.2     -38.4      -39.6      -66.9      -35.6
  12.08  362.4     -51.6      -39.4      -67.9      -39.1
  12.12  363.6     -70.3      -36.3      -65.8      -36.5
  12.16  364.8     -71.4      -40.6      -67.3      -40.6
  12.20  366.0     -70.9      -42.6      -66.6      -42.3
  12.24  367.2     -71.6      -41.4      -67.7      -41.4
  12.28  368.4     -71.9      -41.1      -64.3      -41.3
  12.32  369.6     -71.0      -41.0      -67.7      -41.0
  12.36  370.8     -71.4      -41.1      -66.6      -41.1
  12.40  372.0     -71.8      -41.8      -67.3      -41.8
  12.44  373.2     -71.7      -43.6      -65.8      -43.5
  12.48  374.4     -43.2      -46.4      -67.9      -41.8
  12.52  375.6     -39.2      -45.4      -66.9      -37.4
  12.56  376.8     -33.8      -44.1      -67.9      -34.0

== R1-24 s15 'capture, hundreds of times weaker.' (40 ms / 60 ms)
t(s)   frame  narration  music_duc        sfx  film_mono
  68.40 2052.0     -71.2      -39.7      -71.7      -39.8
  68.46 2053.8     -41.3      -38.6      -68.8      -36.3
  68.52 2055.6     -32.6      -40.0      -71.4      -31.7
  68.58 2057.4     -36.4      -40.6      -69.2      -35.7
  68.64 2059.2     -30.6      -40.9      -70.6      -29.9
  68.70 2061.0     -31.4      -40.4      -69.6      -30.9
  68.76 2062.8     -27.9      -40.4      -71.0      -27.7
  68.82 2064.6     -16.3      -38.4      -70.5      -16.3
  68.88 2066.4     -22.5      -38.5      -72.0      -22.5
  68.94 2068.2     -23.1      -40.6      -70.4      -23.0
  69.00 2070.0     -33.4      -42.1      -72.8      -32.9
  69.06 2071.8     -22.0      -41.3      -74.7      -22.0
  69.12 2073.6     -16.2      -41.2      -73.7      -16.2
  69.18 2075.4     -25.3      -43.4      -71.5      -25.3
  69.24 2077.2     -28.7      -42.8      -71.6      -28.6
  69.30 2079.0     -28.4      -39.2      -71.4      -28.1
  69.36 2080.8     -33.9      -40.0      -71.5      -33.0
  69.42 2082.6     -47.9      -41.2      -69.3      -40.3
  69.48 2084.4     -65.2      -39.1      -72.4      -39.1
  69.54 2086.2     -71.4      -36.7      -69.2      -36.7
  69.60 2088.0     -70.6      -38.2      -71.6      -38.1
  69.66 2089.8     -46.0      -39.1      -68.9      -38.4
  69.72 2091.6     -28.0      -41.6      -71.7      -27.7
  69.78 2093.4     -26.1      -40.2      -71.7      -26.0
  69.84 2095.2     -21.8      -40.4      -68.9      -21.7
  69.90 2097.0     -24.2      -41.8      -71.3      -24.2
  69.96 2098.8     -41.5      -41.9      -69.2      -38.2
  70.02 2100.6     -23.9      -42.8      -73.1      -23.8
  70.08 2102.4     -27.9      -41.5      -69.2      -27.6
  70.14 2104.2     -37.0      -45.4      -70.7      -36.5
  70.20 2106.0     -37.1      -42.0      -71.7      -35.8
  70.26 2107.8     -27.0      -41.8      -71.8      -26.6
  70.32 2109.6     -40.8      -42.1      -71.6      -38.4
  70.38 2111.4     -27.2      -41.6      -70.2      -27.2
  70.44 2113.2     -25.5      -39.9      -71.4      -25.4
  70.50 2115.0     -29.9      -37.6      -71.7      -29.2
  70.56 2116.8     -43.3      -39.0      -68.8      -38.3
  70.62 2118.6     -31.9      -41.0      -70.7      -31.5
  70.68 2120.4     -36.2      -41.7      -71.1      -35.0
  70.74 2122.2     -34.9      -40.8      -71.6      -34.1
  70.80 2124.0     -29.0      -40.0      -70.8      -29.4
  70.86 2125.8     -41.6      -39.0      -72.1      -37.3
  70.92 2127.6     -28.3      -39.1      -70.6      -28.1
  70.98 2129.4     -30.1      -38.2      -70.6      -29.4
  71.04 2131.2     -28.0      -40.3      -69.6      -27.9
  71.10 2133.0     -39.6      -39.1      -70.8      -36.3
  71.16 2134.8     -63.7      -40.5      -69.1      -40.5
  71.22 2136.6     -71.6      -39.1      -72.1      -39.1
  71.28 2138.4     -71.2      -38.2      -68.5      -38.2
  71.34 2140.2     -71.3      -38.8      -72.0      -38.8
  71.40 2142.0     -70.9      -31.4      -69.8      -31.5
  71.46 2143.8     -71.6      -28.9      -71.6      -28.9
  71.52 2145.6     -72.0      -33.6      -70.4      -33.6

== R1-22 mirror slide, per frame, full band
t(s)   frame  narration  music_duc        sfx  film_mono
  34.40 1032.0     -10.7      -35.5      -40.4      -10.7
  34.43 1033.0     -14.9      -37.8      -46.5      -14.9
  34.47 1034.0     -14.2      -40.6      -44.8      -14.1
  34.50 1035.0     -14.4      -40.0      -44.1      -14.5
  34.53 1036.0     -11.9      -37.9      -47.2      -11.8
  34.57 1037.0     -11.6      -33.5      -42.6      -11.5
  34.60 1038.0     -11.4      -30.9      -46.8      -11.5
  34.63 1039.0     -10.8      -32.7      -43.3      -10.7
  34.67 1040.0     -11.2      -35.0      -45.6      -11.2
  34.70 1041.0     -11.6      -35.4      -47.4      -11.6
  34.73 1042.0     -12.1      -37.3      -46.7      -12.1
  34.77 1043.0     -11.9      -38.6      -49.0      -12.0
  34.80 1044.0     -14.4      -31.9      -45.0      -14.4
  34.83 1045.0     -16.1      -26.4      -48.4      -15.6
  34.87 1046.0     -20.6      -26.4      -50.6      -20.2
  34.90 1047.0     -29.9      -27.8      -47.1      -25.9
  34.93 1048.0     -21.2      -30.5      -42.2      -20.1
  34.97 1049.0     -15.7      -31.7      -35.8      -15.9
  35.00 1050.0     -16.4      -33.7      -32.6      -16.3
  35.03 1051.0     -17.8      -35.1      -42.8      -17.7
  35.07 1052.0     -19.1      -37.6      -44.1      -19.1
  35.10 1053.0     -18.0      -36.7      -44.6      -17.9
  35.13 1054.0     -20.4      -36.4      -47.4      -20.3
  35.17 1055.0     -27.0      -37.0      -48.8      -26.6

== R1-12 J3 crossing (40 ms / 33 ms)
t(s)   frame  narration  music_duc        sfx  film_mono
 109.70 3291.0     -33.1      -70.9      -64.6      -33.2
 109.73 3292.0     -32.4      -73.4      -66.2      -32.4
 109.77 3293.0     -46.8      -76.4      -65.1      -46.7
 109.80 3294.0     -58.9      -77.6      -64.8      -57.9
 109.83 3295.0     -71.3      -79.4      -66.7      -64.8
 109.87 3296.0     -72.1      -85.3      -42.2      -42.2
 109.90 3296.9     -71.8     -100.6      -36.5      -36.5
 109.93 3297.9     -71.3     -216.5      -61.5      -61.1
 109.96 3298.9     -71.7     -240.0      -65.0      -64.3
 110.00 3299.9     -71.8     -240.0      -63.2      -62.8
 110.03 3300.9     -71.6     -240.0      -63.7      -62.9
 110.06 3301.9     -50.8     -240.0      -66.4      -50.6
 110.10 3302.9     -33.7     -240.0      -64.0      -33.7
 110.13 3303.9     -33.7     -240.0      -63.0      -33.8
 110.16 3304.9     -25.4     -240.0      -65.2      -25.4
 110.20 3305.9     -14.5     -240.0      -62.1      -14.5
 110.23 3306.8     -11.0     -240.0      -32.6      -11.0
 110.26 3307.8     -14.5     -240.0      -28.4      -14.4
 110.29 3308.8     -21.6     -240.0      -29.0      -21.3
 110.33 3309.8     -26.5     -240.0      -31.1      -25.0
 110.36 3310.8     -36.1     -240.0      -32.8      -32.0
 110.39 3311.8     -34.6     -240.0      -33.1      -31.6
 110.43 3312.8     -21.7     -240.0      -35.7      -21.5
 110.46 3313.8     -13.2     -240.0      -34.6      -13.1
 110.49 3314.8     -14.9     -240.0      -31.3      -14.7
 110.53 3315.8     -22.4     -240.0      -31.1      -21.8
 110.56 3316.7     -25.2     -240.0      -30.3      -24.1
 110.59 3317.7     -32.3     -240.0      -29.7      -27.5
 110.62 3318.7     -36.0     -240.0      -28.0      -27.3
 110.66 3319.7     -39.8     -240.0      -32.3      -31.6
 110.69 3320.7     -41.7     -240.0      -33.2      -32.7
 110.72 3321.7     -40.5     -240.0      -35.6      -34.4
 110.76 3322.7     -39.8     -240.0      -36.3      -34.8
 110.79 3323.7     -42.0     -240.0      -39.0      -37.3
 110.82 3324.7     -52.8     -240.0      -42.0      -41.6
 110.86 3325.7     -69.3     -240.0      -42.6      -42.6
 110.89 3326.6     -71.5     -240.0      -46.8      -46.8
 110.92 3327.6     -71.5     -240.0      -46.8      -46.7
 110.95 3328.6     -71.7     -240.0      -51.4      -51.4
 110.99 3329.6     -71.3     -240.0      -51.5      -51.4
 111.02 3330.6     -71.1     -240.0      -55.4      -55.3
 111.05 3331.6     -71.0     -240.0      -58.2      -58.0
 111.09 3332.6     -71.6     -240.0      -60.2      -60.0
 111.12 3333.6     -71.4     -240.0      -61.8      -61.5
 111.15 3334.6     -71.6     -240.0      -62.5      -61.9

== R1-01 U: end of 'U.' per frame, full band
t(s)   frame  narration  music_duc        sfx  film_mono
 145.00 4350.0     -16.7      -38.8      -49.6      -16.7
 145.03 4351.0     -17.1      -39.6      -55.1      -17.1
 145.07 4352.0     -16.4      -40.5      -45.5      -16.4
 145.10 4353.0     -12.6      -40.6      -51.3      -12.6
 145.13 4354.0     -13.4      -40.5      -51.9      -13.4
 145.17 4355.0     -14.8      -40.9      -48.9      -14.8
 145.20 4356.0     -20.6      -35.5      -52.9      -20.6
 145.23 4357.0     -27.2      -32.6      -47.7      -25.8
 145.27 4358.0     -31.8      -32.2      -52.3      -28.9
 145.30 4359.0     -34.0      -34.9      -47.7      -31.6
 145.33 4360.0     -41.7      -35.8      -50.6      -34.1
 145.37 4361.0     -57.8      -36.2      -52.0      -36.2
 145.40 4362.0     -68.0      -37.0      -55.1      -36.9
 145.43 4363.0     -68.5      -36.7      -49.1      -36.5
 145.47 4364.0     -68.5      -37.0      -54.4      -36.8
 145.50 4365.0     -68.5      -35.2      -56.9      -35.2
 145.53 4366.0     -68.7      -34.3      -53.9      -34.2
 145.57 4367.0     -68.8      -33.7      -51.6      -33.6
 145.60 4368.0     -68.5      -34.6      -47.8      -34.4
 145.63 4369.0     -69.1      -32.2      -33.0      -30.2
 145.67 4370.0     -68.8      -27.5      -47.8      -27.3
 145.70 4371.0     -69.2      -27.4      -45.8      -27.3
 145.73 4372.0     -68.8      -27.2      -49.8      -27.0
 145.77 4373.0     -68.4      -25.8      -54.1      -25.8

== R1-37 n30 'now,' tail and 'system.' tail (40 ms)
t(s)   frame  narration  music_duc        sfx  film_mono
 300.00 9000.0     -19.6      -44.4      -39.4      -19.5
 300.04 9001.2     -19.2      -43.9      -41.6      -19.1
 300.08 9002.4     -20.1      -42.4      -43.1      -20.0
 300.12 9003.6     -23.2      -43.2      -42.6      -23.1
 300.16 9004.8     -31.4      -44.1      -42.8      -31.2
 300.20 9006.0     -32.3      -45.5      -43.7      -32.1
 300.24 9007.2     -33.8      -45.4      -38.7      -33.0
 300.28 9008.4     -32.8      -43.6      -43.7      -32.3
 300.32 9009.6     -34.1      -42.7      -41.0      -32.4
 300.36 9010.8     -36.7      -42.9      -42.0      -34.3
 300.40 9012.0     -41.3      -42.1      -42.1      -37.0
 300.44 9013.2     -45.0      -42.5      -41.0      -37.6
 300.48 9014.4     -47.2      -42.4      -43.9      -38.9
 300.52 9015.6     -46.2      -42.2      -42.4      -38.3
 300.56 9016.8     -37.7      -41.2      -42.3      -35.4
t(s)   frame  narration  music_duc        sfx  film_mono
 302.80 9084.0     -26.6      -45.2      -44.5      -26.4
 302.84 9085.2     -31.2      -43.4      -41.3      -30.6
 302.88 9086.4     -33.9      -42.6      -39.2      -32.3
 302.92 9087.6     -35.6      -41.7      -39.8      -33.4
 302.96 9088.8     -31.9      -41.5      -40.3      -31.0
 303.00 9090.0     -31.4      -41.8      -43.7      -31.0
 303.04 9091.2     -36.4      -41.8      -40.9      -33.7
 303.08 9092.4     -42.1      -41.9      -46.2      -38.4
 303.12 9093.6     -42.3      -41.3      -42.6      -37.3
 303.16 9094.8     -50.4      -40.9      -48.3      -39.6
 303.20 9096.0     -71.0      -41.8      -46.0      -40.6
 303.24 9097.2     -71.6      -43.2      -47.5      -41.8
 303.28 9098.4     -71.4      -43.7      -52.1      -43.3
 303.32 9099.6     -71.7      -42.3      -49.7      -41.4

== R1-13 'corner.' and the end-screen swell (40 ms / 67 ms)
t(s)   frame  narration  music_duc        sfx  film_mono
 319.80 9594.0     -42.8      -38.4     -240.0      -37.0
 319.87 9596.0     -43.6      -37.1     -240.0      -36.3
 319.93 9598.0     -17.7      -39.0     -240.0      -17.7
 320.00 9600.0     -15.9      -39.3     -240.0      -15.9
 320.07 9602.0     -10.4      -39.7     -240.0      -10.4
 320.13 9604.0     -12.8      -40.1     -240.0      -12.7
 320.20 9606.1     -11.8      -38.9     -240.0      -11.9
 320.27 9608.1     -11.0      -36.2     -240.0      -11.0
 320.34 9610.1     -21.2      -37.4     -240.0      -21.3
 320.40 9612.1     -17.7      -37.2     -240.0      -17.7
 320.47 9614.1     -24.8      -35.6     -240.0      -24.4
 320.54 9616.1     -14.0      -35.5     -240.0      -14.1
 320.60 9618.1     -16.0      -38.6     -240.0      -16.0
 320.67 9620.1     -29.2      -39.1     -240.0      -28.8
 320.74 9622.1     -27.5      -36.6     -240.0      -27.1
 320.81 9624.1     -34.3      -38.0     -240.0      -32.9
 320.87 9626.2     -51.2      -39.8     -240.0      -39.4
 320.94 9628.2     -71.6      -39.3     -240.0      -39.3
 321.01 9630.2     -70.9      -40.4     -240.0      -40.4
 321.07 9632.2     -71.6      -39.6     -240.0      -39.6
 321.14 9634.2     -71.1      -37.1     -240.0      -37.2
 321.21 9636.2     -71.9      -33.6     -240.0      -33.6
 321.27 9638.2     -70.5      -29.2     -240.0      -29.1
 321.34 9640.2     -72.0      -25.8     -240.0      -25.9
 321.41 9642.2     -71.8      -24.1     -240.0      -24.2
 321.48 9644.2     -71.3      -24.5     -240.0      -24.5
 321.54 9646.3     -71.8      -25.4     -240.0      -25.4
 321.61 9648.3     -72.2      -28.3     -240.0      -28.4
 321.68 9650.3     -71.9      -23.0     -240.0      -23.0
 321.74 9652.3     -71.0      -21.2     -240.0      -21.2
 321.81 9654.3     -71.4      -22.3     -240.0      -22.3
 321.88 9656.3     -71.8      -24.5     -240.0      -24.5
 321.94 9658.3     -71.1      -26.1     -240.0      -26.1
 322.01 9660.3     -71.3      -28.8     -240.0      -28.9
 322.08 9662.3     -71.4      -30.3     -240.0      -30.4
 322.15 9664.4     -71.4      -31.2     -240.0      -31.2
 322.21 9666.4     -71.7      -35.9     -240.0      -35.9
 322.28 9668.4     -71.9      -34.7     -240.0      -34.7
 322.35 9670.4     -71.5      -33.7     -240.0      -33.8

== R1-01 music onsets (spectral flux, music stem): resolve onset f4369 (4.1x median), level -34 -> -25 dBFS over the hold f4371-4440; roll-up f4443-4469 no onset above 2x median; next onset f4470 (V7 cut).
== R1-16 music onsets: lift f2016-2018 (14.6x, 16.0x median), echo f2034 (6.9x); zoom x2 at f2019, bump visible f2021-2023.
== R1-39 music stem: last non-zero sample before the J4 silence 311.066 s (f9332); digital silence to 313.868 s (f9416, V13 cut); resolve from 313.87 s.
== R1-37 reconstruction of the placed robot_motor loop (lib robot_motor.wav, dur 3.633 s, fades 0.4/0.6 s) at 300.20-300.52 s in band: gain -6 -> -38.6..-33.8; gain -11 -> -43.6..-38.8; stem_sfx measures -43.7..-38.7 (matches -11 dB).
