== S8_readout_beep_over_Its (2.65-2.95 s, 33.333 ms windows; columns: dBFS full band voice music sfx mix | 300-4000 Hz voice music sfx)
t(s)   frame |  full: voice music sfx mix | band: voice music sfx
  2.650   79.5 |  -71.0  -34.3  -50.3  -34.2 |  -40.0  -36.2  -71.4
  2.683   80.5 |  -20.5  -36.5  -45.8  -20.5 |  -20.5  -38.1  -68.3
  2.717   81.5 |  -14.7  -39.9  -48.6  -14.8 |  -16.6  -43.5  -66.9
  2.750   82.5 |  -26.3  -40.7  -31.0  -24.7 |  -37.2  -46.3  -31.0
  2.783   83.5 |  -18.6  -34.3  -24.4  -17.4 |  -34.7  -43.3  -24.4
  2.817   84.5 |  -37.9  -33.9  -24.9  -24.3 |  -44.5  -44.7  -25.0
  2.850   85.5 |  -50.6  -36.5  -45.4  -35.6 |  -52.9  -48.6  -46.3
  2.883   86.5 |  -35.0  -37.1  -54.9  -33.5 |  -36.1  -51.3  -72.1
  2.917   87.5 |  -22.9  -39.3  -51.8  -22.6 |  -28.8  -53.8  -69.1
  2.950   88.5 |  -15.2  -40.1  -49.6  -15.2 |  -17.3  -55.4  -70.4

== S3_mirror_slide (34.50-35.10 s, 33.333 ms windows; columns: dBFS full band voice music sfx mix | 300-4000 Hz voice music sfx)
t(s)   frame |  full: voice music sfx mix | band: voice music sfx
 34.500 1035.0 |  -17.4  -43.1  -47.0  -17.5 |  -20.0  -50.4  -67.2
 34.533 1036.0 |  -14.9  -41.1  -50.4  -14.8 |  -27.1  -48.0  -68.1
 34.567 1037.0 |  -14.7  -36.7  -45.6  -14.5 |  -24.7  -45.3  -63.0
 34.600 1038.0 |  -14.4  -34.1  -49.7  -14.5 |  -23.5  -44.3  -62.8
 34.633 1039.0 |  -13.8  -35.8  -46.1  -13.7 |  -16.1  -47.2  -58.5
 34.667 1040.0 |  -14.2  -38.4  -43.9  -14.2 |  -15.9  -51.0  -46.0
 34.700 1041.0 |  -14.7  -38.6  -39.3  -14.6 |  -15.6  -52.9  -39.7
 34.733 1042.0 |  -15.2  -40.5  -49.9  -15.1 |  -16.1  -55.2  -70.2
 34.767 1043.0 |  -14.9  -41.8  -51.4  -15.0 |  -16.2  -58.1  -69.5
 34.800 1044.0 |  -17.3  -35.0  -48.4  -17.3 |  -18.1  -52.1  -70.5
 34.833 1045.0 |  -19.4  -29.6  -51.7  -18.8 |  -19.9  -47.4  -70.7
 34.867 1046.0 |  -23.7  -29.6  -53.6  -23.3 |  -25.9  -50.0  -70.4
 34.900 1047.0 |  -33.1  -31.0  -51.0  -29.1 |  -35.3  -53.2  -69.0
 34.933 1048.0 |  -24.2  -33.5  -48.6  -23.1 |  -29.7  -52.1  -68.3
 34.967 1049.0 |  -18.6  -35.0  -48.8  -18.8 |  -19.9  -53.5  -60.8
 35.000 1050.0 |  -19.6  -36.8  -35.6  -19.5 |  -19.9  -55.6  -42.2
 35.033 1051.0 |  -20.8  -38.5  -45.9  -20.7 |  -21.2  -56.6  -53.3
 35.067 1052.0 |  -22.1  -40.9  -47.2  -22.1 |  -22.4  -60.1  -59.5
 35.100 1053.0 |  -21.0  -40.0  -47.6  -20.9 |  -21.2  -45.7  -62.9

== S6_bump_lift (66.9-68.2 s, 100 ms windows; columns: dBFS full band voice music sfx mix | 300-4000 Hz voice music sfx)
t(s)   frame |  full: voice music sfx mix | band: voice music sfx
 66.900 2007.0 |  -16.4  -41.2  -52.5  -16.8 |  -18.9  -41.7  -73.6
 67.000 2010.0 |  -25.1  -38.0  -52.3  -25.5 |  -26.6  -38.3  -73.0
 67.100 2013.0 |  -17.7  -38.3  -51.8  -17.8 |  -24.2  -38.4  -72.2
 67.200 2016.0 |  -18.0  -32.4  -54.0  -17.9 |  -29.1  -41.8  -74.5
 67.300 2019.0 |  -16.0  -30.9  -55.6  -15.8 |  -27.0  -42.2  -74.5
 67.400 2022.0 |  -16.2  -37.3  -50.2  -16.2 |  -21.3  -47.5  -73.4
 67.500 2025.0 |  -18.8  -41.4  -51.6  -18.9 |  -27.4  -46.7  -73.1
 67.600 2028.0 |  -24.3  -42.1  -53.5  -24.5 |  -31.5  -46.9  -71.9
 67.700 2031.0 |  -21.1  -42.8  -50.0  -21.1 |  -41.4  -47.2  -73.1
 67.800 2034.0 |  -18.0  -35.2  -52.3  -17.9 |  -22.7  -35.6  -74.0
 67.900 2037.0 |  -23.0  -38.5  -54.3  -23.0 |  -24.7  -39.0  -75.4
 68.000 2040.0 |  -40.0  -41.6  -54.2  -37.6 |  -42.2  -42.8  -72.6
 68.100 2043.0 |  -71.1  -41.1  -50.8  -40.6 |  -51.9  -42.5  -73.1

== S4_capture (69.55-69.75 s, 40 ms windows; columns: dBFS full band voice music sfx mix | 300-4000 Hz voice music sfx)
t(s)   frame |  full: voice music sfx mix | band: voice music sfx
 69.550 2086.5 |  -71.5  -36.9  -54.4  -36.7 |  -66.5  -37.6  -72.0
 69.590 2087.7 |  -71.2  -32.8  -51.7  -32.5 |  -66.1  -37.3  -74.7
 69.630 2088.9 |  -71.8  -28.9  -52.5  -28.8 |  -66.0  -33.7  -74.0
 69.670 2090.1 |  -42.6  -28.6  -49.0  -28.5 |  -42.7  -33.3  -71.0
 69.710 2091.3 |  -31.4  -30.1  -53.7  -27.6 |  -31.5  -38.7  -74.3

== S4_weaker (70.76-71.0 s, 40 ms windows; columns: dBFS full band voice music sfx mix | 300-4000 Hz voice music sfx)
t(s)   frame |  full: voice music sfx mix | band: voice music sfx
 70.760 2122.8 |  -26.7  -42.9  -50.4  -26.7 |  -32.7  -45.3  -74.6
 70.800 2124.0 |  -25.5  -34.9  -54.2  -25.0 |  -31.3  -35.6  -73.8
 70.840 2125.2 |  -28.9  -31.7  -59.0  -26.8 |  -35.8  -33.2  -74.6
 70.880 2126.4 |  -33.6  -32.1  -56.2  -29.9 |  -34.4  -34.6  -75.4
 70.920 2127.6 |  -30.7  -33.4  -52.0  -28.6 |  -31.3  -36.8  -73.7
 70.960 2128.8 |  -28.5  -34.5  -54.6  -27.2 |  -31.3  -38.9  -74.5

== S4_estimate (11.90-12.12 s, 40 ms windows; columns: dBFS full band voice music sfx mix | 300-4000 Hz voice music sfx)
t(s)   frame |  full: voice music sfx mix | band: voice music sfx
 11.900  357.0 |  -26.4  -34.3  -48.0  -25.7 |  -28.9  -40.8  -69.9
 11.940  358.2 |  -27.2  -36.4  -53.0  -27.1 |  -27.9  -40.0  -70.9
 11.980  359.4 |  -30.3  -33.5  -54.7  -28.3 |  -30.8  -36.0  -71.8
 12.020  360.6 |  -35.5  -27.5  -51.2  -26.9 |  -39.1  -31.3  -68.8
 12.060  361.8 |  -44.6  -26.7  -46.7  -26.5 |  -48.0  -31.3  -70.6
 12.100  363.0 |  -62.4  -28.3  -45.3  -28.3 |  -58.9  -35.0  -69.4

== S1S2_J3_crossing (110.0-111.2 s, 50 ms windows; columns: dBFS full band voice music sfx mix | 300-4000 Hz voice music sfx)
t(s)   frame |  full: voice music sfx mix | band: voice music sfx
110.000 3300.0 |  -71.8 -180.0  -47.0  -47.0 |  -49.0  -72.2  -63.6
110.050 3301.5 |  -57.2 -180.0  -44.9  -44.7 |  -43.1  -72.7  -66.1
110.100 3303.0 |  -23.7 -180.0  -44.9  -23.7 |  -36.8  -73.2  -63.9
110.150 3304.5 |  -20.0 -180.0  -37.1  -20.0 |  -28.3  -73.5  -39.5
110.200 3306.0 |  -14.8 -180.0  -46.8  -14.8 |  -15.4  -73.8  -63.9
110.250 3307.5 |  -15.1 -180.0  -43.2  -15.1 |  -16.0  -74.1  -64.7
110.300 3309.0 |  -17.3 -180.0  -48.6  -17.2 |  -22.9  -74.3  -67.1
110.350 3310.5 |  -23.3 -180.0  -48.5  -23.3 |  -36.0  -74.5  -66.2
110.400 3312.0 |  -33.5 -180.0  -43.1  -33.2 |  -40.7  -74.6  -63.9
110.450 3313.5 |  -15.7 -180.0  -46.8  -15.7 |  -16.7  -74.6  -65.2
110.500 3315.0 |  -19.1 -180.0  -45.8  -19.1 |  -19.6  -74.6  -65.6
110.550 3316.5 |  -27.7 -180.0  -44.9  -27.7 |  -28.0  -74.6  -64.6
110.600 3318.0 |  -35.0 -180.0  -27.2  -26.4 |  -36.8  -74.5  -27.2
110.650 3319.5 |  -24.2 -180.0  -24.9  -21.6 |  -42.1  -74.4  -25.0
110.700 3321.0 |  -24.2 -180.0  -28.0  -22.7 |  -44.4  -74.2  -28.1
110.750 3322.5 |  -26.7 -180.0  -29.4  -24.9 |  -42.2  -74.0  -29.5
110.800 3324.0 |  -35.9 -180.0  -31.7  -30.4 |  -44.9  -73.7  -31.9
110.850 3325.5 |  -68.8 -180.0  -26.1  -26.1 |  -58.3  -73.3  -26.0
110.900 3327.0 |  -71.5 -180.0  -25.6  -25.6 |  -58.4  -72.9  -25.7
110.950 3328.5 |  -71.8 -180.0  -22.2  -22.2 |  -58.4  -72.4  -22.5
111.000 3330.0 |  -71.5 -180.0  -22.2  -22.2 |  -58.2  -71.8  -22.1
111.050 3331.5 |  -71.4 -180.0  -26.0  -26.0 |  -57.8  -71.1  -26.5
111.100 3333.0 |  -71.6 -180.0  -26.7  -26.8 |  -57.0  -70.3  -28.5
111.150 3334.5 |  -71.4 -180.0  -29.2  -29.2 |  -56.1  -69.2  -31.6

== S12_robot_s40 (270.8-272.4 s, 100 ms windows; columns: dBFS full band voice music sfx mix | 300-4000 Hz voice music sfx)
t(s)   frame |  full: voice music sfx mix | band: voice music sfx
270.800 8124.0 |  -17.2  -35.7  -32.2  -17.0 |  -19.5  -56.0  -32.4
270.900 8127.0 |  -15.2  -34.8  -34.2  -15.2 |  -16.3  -38.6  -34.5
271.000 8130.0 |  -15.3  -36.2  -32.7  -15.2 |  -16.5  -43.0  -32.9
271.100 8133.0 |  -17.1  -43.2  -34.7  -17.0 |  -18.0  -53.1  -35.1
271.200 8136.0 |  -15.6  -30.6  -31.9  -15.3 |  -18.3  -46.5  -32.3
271.300 8139.0 |  -18.6  -33.1  -32.9  -18.3 |  -21.3  -47.8  -33.5
271.400 8142.0 |  -19.3  -38.2  -33.9  -19.1 |  -20.6  -54.9  -34.7
271.500 8145.0 |  -19.6  -34.3  -32.9  -19.3 |  -21.3  -37.0  -33.3
271.600 8148.0 |  -15.2  -36.6  -30.5  -15.0 |  -15.6  -42.9  -30.7
271.700 8151.0 |  -19.2  -40.8  -32.5  -19.1 |  -19.6  -52.8  -32.8
271.800 8154.0 |  -17.4  -36.4  -34.3  -17.3 |  -24.8  -45.9  -34.6
271.900 8157.0 |  -16.3  -36.9  -33.0  -16.2 |  -17.5  -48.2  -33.2
272.000 8160.0 |  -18.1  -42.3  -30.9  -17.8 |  -21.0  -56.4  -31.0
272.100 8163.0 |  -17.7  -37.0  -31.5  -17.5 |  -19.7  -37.3  -31.7
272.200 8166.0 |  -22.9  -40.3  -33.8  -22.7 |  -27.8  -40.6  -34.0
272.300 8169.0 |  -16.8  -42.1  -31.2  -16.5 |  -18.2  -42.2  -31.2

== S12_robot_now (297.3-297.7 s, 40 ms windows; columns: dBFS full band voice music sfx mix | 300-4000 Hz voice music sfx)
t(s)   frame |  full: voice music sfx mix | band: voice music sfx
297.300 8919.0 |  -15.9  -41.0  -40.0  -15.9 |  -23.9  -45.7  -41.4
297.340 8920.2 |  -16.7  -41.5  -42.6  -16.7 |  -28.6  -46.4  -44.5
297.380 8921.4 |  -18.6  -42.3  -39.1  -18.6 |  -37.1  -48.1  -39.9
297.420 8922.6 |  -26.4  -43.1  -40.4  -26.2 |  -35.4  -48.6  -41.0
297.460 8923.8 |  -35.4  -43.1  -36.7  -32.3 |  -36.3  -47.5  -37.1
297.500 8925.0 |  -35.3  -42.3  -39.2  -33.7 |  -35.5  -45.7  -39.7
297.540 8926.2 |  -38.0  -42.3  -41.2  -34.9 |  -38.1  -46.4  -42.2
297.580 8927.4 |  -41.9  -42.3  -37.3  -34.7 |  -42.0  -45.1  -37.6
297.620 8928.6 |  -46.8  -42.8  -40.0  -37.8 |  -46.8  -45.5  -40.6
297.660 8929.8 |  -49.4  -43.0  -40.0  -37.9 |  -49.3  -44.8  -40.5

== S12_robot_system (300.1-300.32 s, 40 ms windows; columns: dBFS full band voice music sfx mix | 300-4000 Hz voice music sfx)
t(s)   frame |  full: voice music sfx mix | band: voice music sfx
300.100 9003.0 |  -20.2  -39.5  -35.9  -20.1 |  -36.1  -43.7  -36.4
300.140 9004.2 |  -26.8  -39.7  -42.5  -26.6 |  -46.0  -43.4  -43.5
300.180 9005.4 |  -26.3  -40.3  -38.8  -26.0 |  -33.1  -44.1  -39.3
300.220 9006.6 |  -29.2  -40.4  -40.3  -28.9 |  -35.2  -43.9  -41.1
300.260 9007.8 |  -32.1  -40.4  -40.6  -31.2 |  -44.0  -43.8  -41.3
300.300 9009.0 |  -28.7  -39.6  -40.9  -27.8 |  -45.7  -42.4  -41.2

== S9_too_thunk (307.75-308.30 s, 33.333 ms windows; columns: dBFS full band voice music sfx mix | 300-4000 Hz voice music sfx)
t(s)   frame |  full: voice music sfx mix | band: voice music sfx
307.750 9232.5 |  -13.2  -38.7  -44.0  -13.2 |  -13.6  -41.9  -48.2
307.783 9233.5 |  -14.3  -38.8  -20.4  -13.0 |  -14.4  -43.1  -25.0
307.817 9234.5 |  -19.0  -38.0  -21.6  -16.9 |  -19.4  -42.0  -31.4
307.850 9235.5 |  -20.1  -37.8  -25.6  -19.1 |  -20.6  -40.8  -36.6
307.883 9236.5 |  -27.5  -37.8  -23.0  -21.5 |  -28.3  -40.1  -38.9
307.917 9237.5 |  -31.3  -36.8  -24.5  -23.4 |  -31.8  -40.4  -43.5
307.950 9238.5 |  -35.3  -38.7  -26.8  -25.6 |  -37.8  -41.4  -44.5
307.983 9239.5 |  -40.5  -38.1  -22.6  -22.6 |  -48.8  -43.1  -49.2
308.017 9240.5 |  -59.6  -38.2  -28.2  -27.7 |  -55.3  -43.0  -53.1
308.050 9241.5 |  -69.6  -38.6  -29.8  -29.3 |  -56.8  -44.8  -55.5
308.083 9242.5 |  -71.7  -38.0  -34.8  -33.1 |  -57.7  -45.3  -55.8
308.117 9243.5 |  -71.3  -39.3  -35.5  -33.9 |  -58.2  -44.8  -60.3
308.150 9244.5 |  -71.7  -37.8  -41.9  -36.8 |  -58.8  -42.6  -60.0
308.183 9245.5 |  -71.1  -39.6  -35.2  -33.8 |  -59.2  -43.6  -40.1
308.217 9246.5 |  -70.0  -45.6  -40.3  -39.1 |  -59.5  -50.9  -47.7
308.250 9247.5 |  -71.3  -61.3  -37.3  -37.4 |  -59.6  -67.5  -55.6
308.283 9248.5 |  -71.5 -180.0  -42.9  -42.9 |  -59.8  -79.5  -57.3

== S5_corner_swell (317.70-318.40 s, 40 ms windows; columns: dBFS full band voice music sfx mix | 300-4000 Hz voice music sfx)
t(s)   frame |  full: voice music sfx mix | band: voice music sfx
317.700 9531.0 |  -21.6  -36.5 -180.0  -21.6 |  -24.0  -36.9 -180.0
317.740 9532.2 |  -15.1  -38.0 -180.0  -15.2 |  -16.4  -38.6 -180.0
317.780 9533.4 |  -16.8  -37.2 -180.0  -16.8 |  -18.1  -39.4 -180.0
317.820 9534.6 |  -19.2  -30.9 -180.0  -18.9 |  -20.3  -38.2 -180.0
317.860 9535.8 |  -27.3  -29.7 -180.0  -25.3 |  -31.4  -38.6 -180.0
317.900 9537.0 |  -29.3  -29.1 -180.0  -26.0 |  -30.0  -35.9 -180.0
317.940 9538.2 |  -30.3  -29.6 -180.0  -27.0 |  -30.5  -34.7 -180.0
317.980 9539.4 |  -31.9  -29.3 -180.0  -27.6 |  -32.4  -34.3 -180.0
318.020 9540.6 |  -38.2  -28.4 -180.0  -28.1 |  -41.4  -32.9 -180.0
318.060 9541.8 |  -49.8  -29.2 -180.0  -29.2 |  -49.0  -32.6 -180.0
318.100 9543.0 |  -68.0  -27.9 -180.0  -27.9 |  -57.1  -31.9 -180.0
318.140 9544.2 |  -71.3  -29.9 -180.0  -30.0 |  -58.1  -34.1 -180.0
318.180 9545.4 |  -71.7  -29.9 -180.0  -29.9 |  -58.7  -34.3 -180.0
318.220 9546.6 |  -71.5  -32.1 -180.0  -32.2 |  -59.3  -37.2 -180.0
318.260 9547.8 |  -71.8  -31.8 -180.0  -31.8 |  -59.9  -37.8 -180.0
318.300 9549.0 |  -71.5  -30.8 -180.0  -30.8 |  -60.2  -33.3 -180.0
318.340 9550.2 |  -71.7  -30.1 -180.0  -30.1 |  -60.7  -32.4 -180.0
318.380 9551.4 |  -71.7  -27.8 -180.0  -27.8 |  -60.7  -29.8 -180.0

== S10_cue91_onset (239.40-239.90 s, 50 ms windows; columns: dBFS full band voice music sfx mix | 300-4000 Hz voice music sfx)
t(s)   frame |  full: voice music sfx mix | band: voice music sfx
239.400 7182.0 |  -71.3  -28.8  -51.7  -28.8 |  -60.8  -32.2  -74.1
239.450 7183.5 |  -71.5  -28.7  -56.1  -28.8 |  -60.7  -33.8  -72.9
239.500 7185.0 |  -50.9  -30.4  -53.7  -30.3 |  -59.7  -37.6  -72.6
239.550 7186.5 |  -24.1  -33.4  -49.1  -23.6 |  -47.4  -41.5  -70.0
239.600 7188.0 |  -21.6  -36.3  -50.0  -21.6 |  -42.3  -44.4  -69.9
239.650 7189.5 |  -22.7  -40.0  -48.7  -22.7 |  -34.1  -47.3  -66.6
239.700 7191.0 |  -14.3  -38.9  -46.7  -14.3 |  -14.7  -41.0  -71.0
239.750 7192.5 |  -14.5  -35.8  -46.8  -14.5 |  -14.9  -39.8  -68.2
239.800 7194.0 |  -13.6  -37.5  -47.7  -13.6 |  -13.8  -42.9  -69.2
239.850 7195.5 |  -14.0  -39.0  -48.7  -14.1 |  -14.3  -46.2  -69.8

