
=== U payoff: "U." ends, resolve, pointer tap f4370  (145.1-146.0 s, f4353-f4380) ===
 music note onsets per instrument stem (energy jump >= 6 dB / 40 ms):
   bass      onsets: [145.61]
   glock     onsets: [145.61]
   guitar    onsets: [145.61]
   marimba   onsets: [145.18, 145.48, 145.78]
   pizz      onsets: [145.19, 145.79]
   vibes     onsets: [145.61]
t(s)     frame  | full: voice  music    sfx render | 300-4000 Hz: voice  music    sfx | v-m(band) v-s(band)
 145.100  4353.0 |  -15.4  -44.0  -53.8  -15.4 |  -23.2  -47.4  -73.8 |   24.3   50.7
 145.140  4354.2 |  -17.0  -43.5  -52.6  -17.0 |  -20.3  -47.2  -75.1 |   26.9   54.8
 145.180  4355.4 |  -19.9  -41.3  -55.4  -20.0 |  -20.7  -46.3  -73.1 |   25.5   52.4
 145.220  4356.6 |  -28.4  -36.2  -51.1  -27.3 |  -29.7  -46.4  -73.7 |   16.7   44.0
 145.260  4357.8 |  -33.8  -35.1  -55.8  -31.6 |  -34.4  -49.5  -76.0 |   15.1   41.6
 145.300  4359.0 |  -37.3  -37.9  -50.8  -34.6 |  -41.8  -48.5  -73.3 |    6.7   31.5
 145.340  4360.2 |  -50.3  -39.3  -55.5  -38.7 |  -52.4  -49.8  -72.3 |   -2.6   19.9
 145.380  4361.4 |  -66.2  -39.4  -54.8  -39.3 |  -54.1  -45.7  -74.6 |   -8.4   20.4
 145.420  4362.6 |  -71.8  -39.8  -53.0  -39.6 |  -54.6  -44.0  -74.3 |  -10.6   19.7
 145.460  4363.8 |  -71.4  -39.9  -57.6  -39.8 |  -54.8  -45.2  -75.6 |   -9.5   20.8
 145.500  4365.0 |  -71.4  -38.2  -59.8  -38.2 |  -55.1  -41.5  -74.6 |  -13.5   19.5
 145.540  4366.2 |  -71.7  -37.0  -55.1  -36.9 |  -55.3  -38.9  -71.1 |  -16.4   15.8
 145.580  4367.4 |  -72.2  -36.9  -51.7  -36.7 |  -55.5  -38.4  -67.4 |  -17.1   11.9
 145.620  4368.6 |  -71.7  -36.4  -36.8  -34.1 |  -55.7  -39.7  -38.6 |  -16.0  -17.0
 145.660  4369.8 |  -71.8  -30.7  -50.0  -30.6 |  -55.6  -39.9  -60.5 |  -15.7    4.9
 145.700  4371.0 |  -72.1  -30.4  -49.5  -30.2 |  -55.8  -42.1  -72.4 |  -13.7   16.6
 145.740  4372.2 |  -71.6  -29.8  -52.7  -29.7 |  -55.8  -38.3  -73.5 |  -17.5   17.7
 145.780  4373.4 |  -71.6  -29.2  -55.7  -29.3 |  -55.8  -36.6  -71.1 |  -19.2   15.3
 145.820  4374.6 |  -71.5  -29.1  -56.8  -29.2 |  -55.8  -34.0  -72.1 |  -21.8   16.3
 145.860  4375.8 |  -71.9  -30.4  -52.0  -30.3 |  -55.7  -33.7  -73.1 |  -22.0   17.4
 145.900  4377.0 |  -71.3  -32.2  -49.9  -32.2 |  -55.6  -35.5  -73.9 |  -20.1   18.3
 145.940  4378.2 |  -71.6  -33.3  -50.9  -33.2 |  -55.3  -38.1  -71.7 |  -17.2   16.4
 145.980  4379.4 |  -72.0  -31.1  -49.4  -31.0 |  -55.2  -38.8  -74.7 |  -16.3   19.6

=== U hold to roll-up and V7 cut (100 ms)  (146.0-149.3 s, f4380-f4479) ===
 music note onsets per instrument stem (energy jump >= 6 dB / 40 ms):
   bass      onsets: [148.98]
   drums     onsets: [149.08, 149.24]
   glock     onsets: [146.07]
   marimba   onsets: [146.08, 146.38, 146.68, 146.98, 147.28, 147.58, 147.88]
   pizz      onsets: [146.38, 146.98, 147.58, 149.08]
t(s)     frame  | full: voice  music    sfx render | 300-4000 Hz: voice  music    sfx | v-m(band) v-s(band)
 146.000  4380.0 |  -71.4  -31.5  -52.1  -31.5 |  -54.7  -39.2  -72.9 |  -15.6   18.2
 146.100  4383.0 |  -71.5  -28.4  -53.8  -28.4 |  -55.7  -34.0  -74.0 |  -21.7   18.3
 146.200  4386.0 |  -71.5  -28.5  -53.6  -28.5 |  -56.5  -34.7  -71.7 |  -21.8   15.2
 146.300  4389.0 |  -71.7  -29.0  -50.0  -29.0 |  -57.3  -36.6  -71.7 |  -20.8   14.4
 146.400  4392.0 |  -71.6  -28.0  -51.9  -28.0 |  -57.9  -36.9  -72.1 |  -21.0   14.1
 146.500  4395.0 |  -71.4  -28.4  -49.9  -28.4 |  -58.5  -37.2  -71.2 |  -21.3   12.7
 146.600  4398.0 |  -71.5  -28.8  -49.4  -28.8 |  -58.9  -35.8  -72.2 |  -23.1   13.3
 146.700  4401.0 |  -71.4  -28.7  -51.3  -28.7 |  -59.4  -34.3  -71.9 |  -25.0   12.5
 146.800  4404.0 |  -71.8  -29.3  -51.0  -29.2 |  -59.7  -35.3  -71.3 |  -24.4   11.5
 146.900  4407.0 |  -71.8  -29.8  -50.4  -29.8 |  -59.9  -36.4  -70.6 |  -23.6   10.7
 147.000  4410.0 |  -71.6  -27.5  -52.5  -27.5 |  -60.3  -32.4  -72.7 |  -27.9   12.4
 147.100  4413.0 |  -71.6  -27.1  -54.1  -27.1 |  -60.4  -33.4  -72.8 |  -27.0   12.4
 147.200  4416.0 |  -71.6  -28.8  -48.7  -28.7 |  -60.6  -35.9  -71.6 |  -24.7   11.0
 147.300  4419.0 |  -71.5  -27.7  -50.0  -27.7 |  -60.5  -30.3  -71.5 |  -30.2   10.9
 147.400  4422.0 |  -71.8  -29.9  -51.8  -29.9 |  -60.7  -32.8  -70.1 |  -27.9    9.4
 147.500  4425.0 |  -71.6  -31.7  -48.3  -31.6 |  -60.7  -35.0  -71.3 |  -25.7   10.6
 147.600  4428.0 |  -71.7  -29.1  -50.6  -29.1 |  -60.7  -35.0  -72.0 |  -25.7   11.3
 147.700  4431.0 |  -71.7  -29.9  -52.5  -29.9 |  -60.5  -35.9  -73.2 |  -24.6   12.7
 147.800  4434.0 |  -71.6  -33.5  -52.4  -33.4 |  -60.4  -37.9  -70.5 |  -22.5   10.1
 147.900  4437.0 |  -72.0  -31.5  -49.0  -31.4 |  -60.2  -34.7  -71.0 |  -25.5   10.8
 148.000  4440.0 |  -71.6  -34.0  -51.0  -33.9 |  -60.0  -38.5  -71.3 |  -21.5   11.3
 148.100  4443.0 |  -71.8  -34.1  -45.2  -33.8 |  -59.6  -39.7  -52.2 |  -20.0   -7.4
 148.200  4446.0 |  -71.7  -33.1  -43.5  -32.8 |  -59.3  -39.0  -52.4 |  -20.4   -7.0
 148.300  4449.0 |  -71.6  -32.6  -46.5  -32.5 |  -58.7  -38.4  -54.7 |  -20.4   -4.0
 148.400  4452.0 |  -71.6  -30.8  -45.5  -30.6 |  -58.4  -36.3  -54.6 |  -22.1   -3.8
 148.500  4455.0 |  -71.4  -30.5  -49.6  -30.5 |  -57.8  -37.1  -62.0 |  -20.7    4.2
 148.600  4458.0 |  -71.9  -30.3  -45.7  -30.2 |  -57.1  -38.0  -48.6 |  -19.1   -8.5
 148.700  4461.0 |  -71.8  -30.3  -47.5  -30.2 |  -56.4  -35.5  -50.1 |  -20.9   -6.3
 148.800  4464.0 |  -71.5  -30.8  -43.3  -30.6 |  -55.5  -35.3  -49.5 |  -20.2   -6.0
 148.900  4467.0 |  -71.7  -31.0  -46.7  -30.9 |  -54.4  -34.5  -51.9 |  -19.9   -2.5
 149.000  4470.0 |  -71.5  -26.2  -36.8  -26.0 |  -53.2  -36.1  -40.3 |  -17.0  -12.9
 149.100  4473.0 |  -71.6  -26.8  -42.4  -26.7 |  -51.5  -35.0  -48.1 |  -16.5   -3.4
 149.200  4476.0 |  -71.7  -31.4  -42.9  -31.5 |  -49.4  -40.0  -50.9 |   -9.3    1.5

=== End screen: "corner." and the last chord  (320.3-321.8 s, f9609-f9654) ===
 music note onsets per instrument stem (energy jump >= 6 dB / 40 ms):
   bass      onsets: [321.13]
   glock     onsets: [321.63]
   harp      onsets: [321.13]
   vibes     onsets: [321.23]
t(s)     frame  | full: voice  music    sfx render | 300-4000 Hz: voice  music    sfx | v-m(band) v-s(band)
 320.300  9609.0 |  -14.9  -38.6 -240.0  -14.9 |  -15.1  -39.5 -240.0 |   24.5  224.9
 320.340  9610.2 |  -22.7  -39.2 -240.0  -22.6 |  -26.9  -40.5 -240.0 |   13.6  213.1
 320.380  9611.4 |  -17.7  -39.4 -240.0  -17.7 |  -19.0  -40.9 -240.0 |   22.0  221.0
 320.420  9612.6 |  -23.5  -38.7 -240.0  -23.5 |  -31.5  -40.1 -240.0 |    8.6  208.5
 320.460  9613.8 |  -28.5  -37.0 -240.0  -27.8 |  -29.0  -37.9 -240.0 |    8.9  211.0
 320.500  9615.0 |  -21.6  -35.9 -240.0  -21.6 |  -24.0  -36.4 -240.0 |   12.4  216.0
 320.540  9616.2 |  -15.1  -37.4 -240.0  -15.2 |  -16.4  -37.9 -240.0 |   21.6  223.6
 320.580  9617.4 |  -16.8  -39.8 -240.0  -16.8 |  -18.1  -40.9 -240.0 |   22.8  221.9
 320.620  9618.6 |  -19.2  -40.5 -240.0  -19.2 |  -20.3  -42.2 -240.0 |   21.9  219.7
 320.660  9619.8 |  -27.3  -40.7 -240.0  -26.9 |  -31.5  -42.3 -240.0 |   10.8  208.5
 320.700  9621.0 |  -29.3  -39.1 -240.0  -28.7 |  -29.9  -41.4 -240.0 |   11.5  210.1
 320.740  9622.2 |  -30.3  -37.9 -240.0  -29.7 |  -30.5  -39.2 -240.0 |    8.7  209.5
 320.780  9623.4 |  -31.9  -38.2 -240.0  -30.8 |  -32.4  -39.4 -240.0 |    7.0  207.6
 320.820  9624.6 |  -38.2  -39.1 -240.0  -35.2 |  -41.4  -41.7 -240.0 |    0.3  198.6
 320.860  9625.8 |  -49.8  -39.4 -240.0  -39.1 |  -49.0  -43.3 -240.0 |   -5.6  191.0
 320.900  9627.0 |  -68.0  -38.5 -240.0  -38.5 |  -56.5  -42.2 -240.0 |  -14.3  183.5
 320.940  9628.2 |  -71.7  -39.5 -240.0  -39.5 |  -57.5  -42.2 -240.0 |  -15.2  182.5
 320.980  9629.4 |  -71.3  -39.8 -240.0  -39.8 |  -58.0  -43.6 -240.0 |  -14.4  182.0
 321.020  9630.6 |  -71.7  -41.3 -240.0  -41.3 |  -58.6  -43.6 -240.0 |  -15.0  181.4
 321.060  9631.8 |  -71.4  -40.2 -240.0  -40.2 |  -59.0  -43.2 -240.0 |  -15.8  181.0
 321.100  9633.0 |  -72.0  -39.8 -240.0  -39.9 |  -59.2  -41.9 -240.0 |  -17.3  180.8
 321.140  9634.2 |  -71.3  -33.1 -240.0  -33.1 |  -59.4  -39.1 -240.0 |  -20.3  180.6
 321.180  9635.4 |  -71.7  -30.2 -240.0  -30.2 |  -59.7  -36.6 -240.0 |  -23.1  180.3
 321.220  9636.6 |  -71.7  -26.3 -240.0  -26.3 |  -59.8  -34.9 -240.0 |  -24.9  180.2
 321.260  9637.8 |  -71.2  -26.3 -240.0  -26.3 |  -59.8  -32.7 -240.0 |  -27.2  180.2
 321.300  9639.0 |  -71.3  -25.6 -240.0  -25.6 |  -59.9  -30.3 -240.0 |  -29.7  180.1
 321.340  9640.2 |  -71.9  -24.1 -240.0  -24.1 |  -60.2  -28.4 -240.0 |  -31.8  179.8
 321.380  9641.4 |  -71.6  -23.1 -240.0  -23.1 |  -60.1  -27.2 -240.0 |  -32.9  179.9
 321.420  9642.6 |  -71.9  -23.4 -240.0  -23.4 |  -60.1  -26.6 -240.0 |  -33.5  179.9
 321.460  9643.8 |  -71.9  -21.8 -240.0  -21.8 |  -60.0  -26.3 -240.0 |  -33.7  180.0
 321.500  9645.0 |  -71.3  -23.9 -240.0  -23.9 |  -59.9  -28.2 -240.0 |  -31.7  180.1
 321.540  9646.2 |  -71.9  -23.2 -240.0  -23.2 |  -59.9  -27.3 -240.0 |  -32.6  180.1
 321.580  9647.4 |  -71.6  -24.4 -240.0  -24.5 |  -59.8  -29.9 -240.0 |  -29.9  180.2
 321.620  9648.6 |  -72.1  -24.4 -240.0  -24.5 |  -59.6  -29.9 -240.0 |  -29.7  180.4
 321.660  9649.8 |  -71.5  -23.2 -240.0  -23.2 |  -59.4  -25.8 -240.0 |  -33.5  180.6
 321.700  9651.0 |  -71.7  -22.4 -240.0  -22.5 |  -59.2  -24.8 -240.0 |  -34.3  180.8
 321.740  9652.2 |  -71.2  -22.1 -240.0  -22.1 |  -58.8  -24.0 -240.0 |  -34.8  181.2
 321.780  9653.4 |  -71.5  -22.5 -240.0  -22.5 |  -58.4  -25.0 -240.0 |  -33.4  181.6

=== J4: "too." end, music stop, V13 cut (100 ms)  (310.4-314.2 s, f9312-f9426) ===
t(s)     frame  | full: voice  music    sfx render | 300-4000 Hz: voice  music    sfx | v-m(band) v-s(band)
 310.400  9312.0 |  -24.8  -36.1  -39.8  -24.5 |  -45.8  -37.2  -40.8 |   -8.6   -5.0
 310.500  9315.0 |  -15.6  -37.8  -31.6  -15.5 |  -16.6  -41.2  -32.8 |   24.6   16.2
 310.600  9318.0 |  -18.9  -37.8  -22.3  -16.9 |  -19.2  -41.1  -30.6 |   21.9   11.4
 310.700  9321.0 |  -32.4  -37.6  -23.7  -23.0 |  -33.4  -40.8  -43.5 |    7.4   10.1
 310.800  9324.0 |  -56.0  -37.9  -30.2  -29.5 |  -51.7  -43.6  -54.2 |   -8.1    2.5
 310.900  9327.0 |  -71.5  -38.2  -36.0  -34.0 |  -54.3  -43.3  -59.2 |  -11.0    4.9
 311.000  9330.0 |  -70.9  -45.7  -38.8  -38.2 |  -55.5  -50.3  -44.4 |   -5.2  -11.1
 311.100  9333.0 |  -71.6 -240.0  -41.6  -41.6 |  -56.4  -77.2  -55.9 |   20.7   -0.5
 311.200  9336.0 |  -71.7 -240.0  -35.0  -35.0 |  -57.1  -77.0  -41.7 |   19.9  -15.4
 311.300  9339.0 |  -71.7 -240.0  -25.8  -25.9 |  -57.6  -76.9  -27.0 |   19.3  -30.6
 311.400  9342.0 |  -71.6 -240.0  -24.6  -24.6 |  -58.2  -76.9  -24.7 |   18.7  -33.5
 311.500  9345.0 |  -71.6 -240.0  -46.7  -46.7 |  -58.5  -76.8  -50.1 |   18.3   -8.4
 311.600  9348.0 |  -71.5 -240.0  -45.2  -45.2 |  -58.9  -76.8  -59.6 |   17.8    0.6
 311.700  9351.0 |  -71.5 -240.0  -44.0  -44.0 |  -59.1  -76.7  -59.2 |   17.6    0.1
 311.800  9354.0 |  -71.8 -240.0  -43.4  -43.4 |  -59.4  -76.6  -58.8 |   17.2   -0.7
 311.900  9357.0 |  -71.5 -240.0  -42.6  -42.6 |  -59.5  -76.4  -57.5 |   16.9   -2.0
 312.000  9360.0 |  -71.9 -240.0  -40.5  -40.5 |  -59.7  -76.3  -42.1 |   16.6  -17.6
 312.100  9363.0 |  -71.9 -240.0  -30.2  -30.2 |  -59.9  -76.0  -37.4 |   16.2  -22.4
 312.200  9366.0 |  -71.8 -240.0  -23.3  -23.3 |  -59.8  -75.8  -24.7 |   16.0  -35.1
 312.300  9369.0 |  -71.6 -240.0  -27.3  -27.4 |  -59.8  -75.5  -29.6 |   15.7  -30.2
 312.400  9372.0 |  -71.6 -240.0  -35.3  -35.4 |  -59.8  -75.1  -39.3 |   15.3  -20.5
 312.500  9375.0 |  -71.4 -240.0  -44.2  -44.2 |  -59.7  -74.7  -47.9 |   15.1  -11.7
 312.600  9378.0 |  -71.6 -240.0  -39.2  -39.2 |  -59.5  -74.3  -41.7 |   14.7  -17.8
 312.700  9381.0 |  -71.6 -240.0  -43.1  -43.0 |  -59.4  -73.7  -60.5 |   14.3    1.1
 312.800  9384.0 |  -71.7 -240.0  -39.9  -39.9 |  -59.2  -73.1  -41.8 |   13.9  -17.4
 312.900  9387.0 |  -71.2 -240.0  -44.5  -44.5 |  -58.9  -72.4  -52.9 |   13.6   -6.0
 313.000  9390.0 |  -71.7 -240.0  -44.9  -44.8 |  -58.6  -71.6  -61.7 |   13.0    3.0
 313.100  9393.0 |  -71.8 -240.0  -30.0  -30.0 |  -58.3  -70.7  -30.3 |   12.4  -28.0
 313.200  9396.0 |  -71.6 -240.0  -22.6  -22.6 |  -57.8  -69.6  -22.6 |   11.8  -35.2
 313.300  9399.0 |  -71.7 -240.0  -26.8  -26.8 |  -57.3  -68.3  -26.9 |   11.0  -30.4
 313.400  9402.0 |  -71.5 -240.0  -23.1  -23.1 |  -56.7  -66.7  -23.1 |   10.0  -33.6
 313.500  9405.0 |  -71.7 -240.0  -19.0  -19.0 |  -56.0  -64.6  -19.0 |    8.6  -37.1
 313.600  9408.0 |  -71.5 -240.0  -23.2  -23.2 |  -55.2  -61.8  -24.1 |    6.6  -31.1
 313.700  9411.0 |  -71.9 -240.0  -27.7  -27.7 |  -54.3  -57.2  -30.7 |    2.9  -23.5
 313.800  9414.0 |  -71.5  -30.3  -27.4  -25.5 |  -53.1  -37.8  -38.0 |  -15.2  -15.1
 313.900  9417.0 |  -71.5  -24.7  -23.1  -21.4 |  -51.6  -33.1  -45.8 |  -18.5   -5.8
 314.000  9420.0 |  -27.5  -29.2  -30.8  -24.3 |  -43.0  -37.5  -60.8 |   -5.5   17.8
 314.100  9423.0 |  -17.2  -30.0  -33.7  -16.7 |  -21.0  -36.1  -73.8 |   15.1   52.8

=== Soft n02 window "estimate. Not a photograph."  (11.6-13.9 s, f348-f417) ===
 music note onsets per instrument stem (energy jump >= 6 dB / 40 ms):
   pizz      onsets: [11.74, 11.98, 12.33, 12.63, 12.94, 13.18, 13.5, 13.83]
t(s)     frame  | full: voice  music    sfx render | 300-4000 Hz: voice  music    sfx | v-m(band) v-s(band)
  11.600   348.0 |  -20.1  -33.1  -48.1  -19.9 |  -24.5  -41.4  -70.1 |   17.0   45.6
  11.640   349.2 |  -22.9  -35.2  -47.5  -22.8 |  -23.8  -43.4  -70.3 |   19.6   46.4
  11.680   350.4 |  -24.7  -39.4  -48.7  -24.6 |  -26.7  -43.7  -67.9 |   17.0   41.1
  11.720   351.6 |  -21.3  -39.7  -47.3  -21.2 |  -38.8  -40.8  -68.6 |    2.0   29.8
  11.760   352.8 |  -23.2  -35.4  -46.3  -22.9 |  -46.6  -40.2  -71.7 |   -6.4   25.0
  11.800   354.0 |  -25.8  -35.9  -48.3  -25.5 |  -31.7  -41.9  -66.9 |   10.1   35.1
  11.840   355.2 |  -22.8  -36.0  -50.3  -21.9 |  -29.4  -42.8  -69.0 |   13.5   39.6
  11.880   356.4 |  -25.0  -37.1  -53.7  -24.7 |  -31.6  -44.4  -69.8 |   12.8   38.3
  11.920   357.6 |  -27.6  -39.0  -47.8  -27.5 |  -28.5  -43.2  -70.7 |   14.7   42.2
  11.960   358.8 |  -27.7  -40.0  -51.7  -27.7 |  -28.1  -41.5  -71.2 |   13.4   43.0
  12.000   360.0 |  -34.5  -37.3  -53.4  -32.4 |  -35.4  -40.7  -70.9 |    5.3   35.5
  12.040   361.2 |  -35.8  -38.3  -50.4  -33.5 |  -40.2  -40.1  -69.6 |   -0.1   29.4
  12.080   362.4 |  -53.0  -38.2  -46.2  -37.4 |  -53.6  -40.5  -70.6 |  -13.1   17.0
  12.120   363.6 |  -70.7  -35.8  -45.8  -35.5 |  -66.4  -36.9  -67.9 |  -29.6    1.5
  12.160   364.8 |  -71.5  -38.4  -45.9  -37.7 |  -67.2  -41.2  -69.8 |  -25.9    2.7
  12.200   366.0 |  -71.4  -41.2  -46.9  -40.3 |  -67.1  -43.8  -68.7 |  -23.3    1.7
  12.240   367.2 |  -71.6  -40.5  -51.1  -40.3 |  -67.2  -42.2  -70.2 |  -25.0    3.1
  12.280   368.4 |  -71.6  -39.1  -50.0  -38.9 |  -67.2  -41.8  -66.3 |  -25.4   -0.9
  12.320   369.6 |  -71.4  -39.2  -51.1  -39.0 |  -66.9  -42.0  -70.3 |  -24.9    3.4
  12.360   370.8 |  -71.7  -35.0  -46.9  -34.8 |  -66.7  -42.6  -68.8 |  -24.0    2.1
  12.400   372.0 |  -71.7  -35.2  -45.9  -34.9 |  -66.4  -43.7  -69.7 |  -22.6    3.3
  12.440   373.2 |  -71.9  -36.1  -45.8  -35.6 |  -65.3  -46.3  -67.7 |  -19.0    2.5
  12.480   374.4 |  -30.7  -36.7  -46.2  -29.9 |  -45.9  -49.3  -70.6 |    3.4   24.7
  12.520   375.6 |  -27.0  -39.0  -50.4  -26.6 |  -40.8  -47.6  -69.5 |    6.7   28.6
  12.560   376.8 |  -23.0  -40.7  -53.4  -23.2 |  -35.4  -46.1  -70.7 |   10.7   35.3
  12.600   378.0 |  -22.0  -40.6  -51.7  -22.0 |  -35.3  -46.1  -71.1 |   10.8   35.8
  12.640   379.2 |  -16.5  -39.4  -47.8  -16.5 |  -22.7  -47.3  -70.8 |   24.5   48.1
  12.680   380.4 |  -17.7  -37.2  -53.7  -17.7 |  -24.1  -43.5  -69.9 |   19.4   45.8
  12.720   381.6 |  -14.3  -38.2  -50.3  -14.3 |  -15.4  -44.9  -68.8 |   29.4   53.3
  12.760   382.8 |  -20.4  -39.1  -48.3  -20.2 |  -21.7  -46.1  -66.9 |   24.4   45.2
  12.800   384.0 |  -24.9  -40.6  -46.3  -24.9 |  -26.3  -45.2  -71.5 |   18.9   45.2
  12.840   385.2 |  -35.6  -43.7  -47.3  -34.9 |  -45.1  -46.6  -68.7 |    1.5   23.6
  12.880   386.4 |  -30.7  -44.7  -48.7  -30.6 |  -45.7  -47.5  -67.9 |    1.8   22.2
  12.920   387.6 |  -30.4  -42.7  -47.5  -30.2 |  -49.9  -44.7  -70.5 |   -5.2   20.6
  12.960   388.8 |  -35.8  -38.2  -48.1  -33.6 |  -47.7  -43.9  -70.0 |   -3.8   22.3
  13.000   390.0 |  -16.8  -39.0  -46.5  -16.8 |  -17.4  -45.2  -67.4 |   27.8   49.9
  13.040   391.2 |  -17.9  -38.4  -47.1  -17.9 |  -18.8  -43.0  -69.6 |   24.3   50.8
  13.080   392.4 |  -20.5  -41.6  -48.2  -20.5 |  -22.0  -45.1  -70.2 |   23.1   48.2
  13.120   393.6 |  -24.5  -44.8  -47.1  -24.4 |  -25.2  -47.1  -69.6 |   21.9   44.4
  13.160   394.8 |  -32.3  -43.6  -46.5  -31.6 |  -36.3  -45.7  -67.3 |    9.4   31.0
  13.200   396.0 |  -37.1  -39.1  -48.1  -34.8 |  -37.4  -46.0  -69.9 |    8.6   32.5
  13.240   397.2 |  -27.9  -39.1  -47.5  -27.7 |  -28.6  -41.5  -70.5 |   12.9   41.9
  13.280   398.4 |  -23.7  -39.6  -48.7  -23.6 |  -24.0  -44.3  -67.9 |   20.3   43.9
  13.320   399.6 |  -24.2  -37.0  -47.3  -23.9 |  -24.3  -38.8  -68.8 |   14.5   44.5
  13.360   400.8 |  -23.2  -38.6  -46.3  -23.1 |  -23.4  -42.5  -71.5 |   19.1   48.1
  13.400   402.0 |  -21.7  -41.0  -48.3  -21.6 |  -22.1  -45.0  -67.1 |   22.9   45.0
  13.440   403.2 |  -28.3  -40.8  -50.8  -28.1 |  -31.3  -44.7  -68.6 |   13.4   37.3
  13.480   404.4 |  -28.6  -39.5  -54.7  -28.3 |  -38.8  -43.2  -70.6 |    4.4   31.8
  13.520   405.6 |  -29.1  -38.8  -49.4  -28.7 |  -39.2  -42.4  -72.1 |    3.1   32.9
  13.560   406.8 |  -34.2  -38.4  -54.1  -32.9 |  -38.9  -41.8  -73.2 |    2.9   34.3
  13.600   408.0 |  -46.8  -37.8  -32.0  -30.7 |  -47.3  -42.5  -32.1 |   -4.9  -15.3
  13.640   409.2 |  -53.3  -41.0  -29.3  -28.9 |  -53.0  -45.9  -29.3 |   -7.1  -23.7
  13.680   410.4 |  -70.1  -41.4  -31.0  -30.4 |  -63.2  -46.4  -31.1 |  -16.9  -32.1
  13.720   411.6 |  -71.8  -39.4  -33.5  -32.4 |  -63.4  -44.0  -33.6 |  -19.4  -29.8
  13.760   412.8 |  -71.9  -40.8  -34.1  -33.1 |  -63.4  -44.9  -34.1 |  -18.5  -29.2
  13.800   414.0 |  -71.4  -41.1  -37.1  -36.1 |  -63.3  -45.1  -37.2 |  -18.2  -26.0
  13.840   415.2 |  -71.7  -37.5  -31.3  -30.8 |  -63.2  -44.9  -31.4 |  -18.3  -31.9
  13.880   416.4 |  -71.7  -36.1  -29.5  -28.6 |  -62.9  -42.9  -29.5 |  -20.0  -33.4

=== Soft s15 window "In this capture, hundreds of times weaker."  (68.2-71.5 s, f2046-f2145) ===
 music note onsets per instrument stem (energy jump >= 6 dB / 40 ms):
   marimba   onsets: [71.38]
   pizz      onsets: [68.38, 68.48, 69.58, 70.78, 70.88]
t(s)     frame  | full: voice  music    sfx render | 300-4000 Hz: voice  music    sfx | v-m(band) v-s(band)
  68.200  2046.0 |  -71.5  -39.4  -54.4  -39.3 |  -56.4  -40.9  -72.0 |  -15.5   15.6
  68.240  2047.2 |  -71.9  -38.8  -51.6  -38.6 |  -57.3  -40.7  -74.7 |  -16.6   17.4
  68.280  2048.4 |  -71.6  -39.4  -52.5  -39.2 |  -58.2  -41.0  -74.0 |  -17.3   15.7
  68.320  2049.6 |  -72.0  -39.8  -48.9  -39.3 |  -58.9  -40.7  -71.0 |  -18.3   12.0
  68.360  2050.8 |  -71.9  -40.0  -53.6  -39.8 |  -59.7  -41.0  -74.1 |  -18.7   14.4
  68.400  2052.0 |  -71.6  -40.0  -52.2  -39.8 |  -60.6  -42.5  -74.4 |  -18.0   13.8
  68.440  2053.2 |  -51.8  -37.5  -49.4  -36.9 |  -52.8  -41.6  -73.1 |  -11.2   20.3
  68.480  2054.4 |  -32.9  -35.1  -52.5  -30.8 |  -33.8  -42.4  -71.6 |    8.6   37.7
  68.520  2055.6 |  -34.1  -37.3  -52.0  -32.0 |  -35.4  -42.9  -73.8 |    7.4   38.4
  68.560  2056.8 |  -31.0  -36.0  -51.5  -29.9 |  -39.4  -43.8  -74.4 |    4.3   35.0
  68.600  2058.0 |  -25.0  -40.3  -51.7  -24.6 |  -37.6  -42.7  -71.9 |    5.1   34.2
  68.640  2059.2 |  -20.7  -39.7  -51.6  -20.6 |  -33.6  -43.8  -72.9 |   10.3   39.4
  68.680  2060.4 |  -21.5  -42.2  -50.5  -21.4 |  -32.7  -43.1  -75.5 |   10.4   42.9
  68.720  2061.6 |  -15.9  -39.7  -52.5  -15.9 |  -37.2  -42.8  -70.4 |    5.6   33.2
  68.760  2062.8 |  -16.6  -40.8  -54.6  -16.6 |  -32.1  -42.9  -73.6 |   10.7   41.5
  68.800  2064.0 |  -37.1  -39.2  -57.1  -35.1 |  -40.3  -41.4  -74.1 |    1.1   33.8
  68.840  2065.2 |  -18.7  -39.2  -51.9  -18.7 |  -18.9  -40.3  -74.6 |   21.4   55.7
  68.880  2066.4 |  -25.3  -39.5  -55.8  -25.3 |  -25.4  -40.7  -75.3 |   15.3   49.9
  68.920  2067.6 |  -22.5  -41.3  -57.0  -22.4 |  -25.7  -42.5  -74.6 |   16.7   48.9
  68.960  2068.8 |  -20.8  -42.6  -54.9  -20.8 |  -24.9  -43.9  -74.0 |   19.0   49.0
  69.000  2070.0 |  -26.7  -44.1  -52.2  -26.7 |  -36.3  -45.0  -75.6 |    8.7   39.3
  69.040  2071.2 |  -27.1  -43.7  -51.1  -27.0 |  -28.1  -45.1  -75.7 |   17.0   47.6
  69.080  2072.4 |  -19.4  -43.1  -51.7  -19.4 |  -21.9  -43.7  -77.1 |   21.8   55.2
  69.120  2073.6 |  -18.5  -43.3  -51.5  -18.5 |  -19.0  -43.9  -76.2 |   24.9   57.2
  69.160  2074.8 |  -24.3  -44.9  -52.7  -24.3 |  -27.1  -46.2  -75.3 |   19.1   48.2
  69.200  2076.0 |  -20.5  -44.2  -54.4  -20.5 |  -29.3  -46.3  -73.7 |   17.0   44.5
  69.240  2077.2 |  -21.0  -43.0  -59.0  -21.0 |  -31.6  -45.5  -74.7 |   13.9   43.1
  69.280  2078.4 |  -23.6  -40.6  -56.2  -23.4 |  -31.8  -42.0  -75.4 |   10.2   43.7
  69.320  2079.6 |  -27.1  -39.9  -51.9  -26.8 |  -32.1  -41.4  -73.7 |    9.4   41.6
  69.360  2080.8 |  -36.6  -40.5  -54.6  -35.2 |  -36.9  -42.4  -74.5 |    5.5   37.6
  69.400  2082.0 |  -44.9  -41.0  -54.2  -39.5 |  -45.0  -43.4  -71.4 |   -1.6   26.4
  69.440  2083.2 |  -56.2  -40.6  -49.9  -39.9 |  -55.3  -42.6  -72.2 |  -12.7   17.0
  69.480  2084.4 |  -67.4  -39.7  -54.0  -39.6 |  -60.7  -41.0  -75.1 |  -19.8   14.4
  69.520  2085.6 |  -71.7  -38.6  -50.2  -38.3 |  -61.7  -38.9  -72.6 |  -22.8   10.9
  69.560  2086.8 |  -71.5  -37.8  -54.6  -37.6 |  -62.1  -38.3  -72.0 |  -23.7    9.9
  69.600  2088.0 |  -71.1  -37.4  -51.4  -37.2 |  -62.2  -40.0  -74.5 |  -22.2   12.2
  69.640  2089.2 |  -71.1  -37.3  -53.0  -37.1 |  -62.3  -41.1  -73.4 |  -21.1   11.2
  69.680  2090.4 |  -37.9  -37.5  -48.1  -34.7 |  -38.1  -42.5  -71.2 |    4.4   33.1
  69.720  2091.6 |  -30.3  -37.8  -55.9  -29.6 |  -30.5  -43.9  -74.6 |   13.4   44.1
  69.760  2092.8 |  -28.4  -37.6  -53.3  -28.1 |  -28.5  -43.6  -75.3 |   15.2   46.8
  69.800  2094.0 |  -28.0  -37.1  -48.1  -27.4 |  -28.2  -42.2  -72.6 |   13.9   44.4
  69.840  2095.2 |  -24.6  -38.3  -54.2  -24.4 |  -24.7  -42.5  -71.5 |   17.8   46.9
  69.880  2096.4 |  -18.8  -40.2  -53.6  -18.9 |  -25.4  -43.9  -74.2 |   18.4   48.8
  69.920  2097.6 |  -15.8  -41.8  -51.6  -15.7 |  -32.8  -44.7  -73.5 |   11.9   40.7
  69.960  2098.8 |  -16.3  -42.2  -50.0  -16.3 |  -43.9  -44.2  -72.1 |    0.3   28.2
  70.000  2100.0 |  -18.9  -42.6  -53.9  -18.9 |  -33.3  -44.8  -74.0 |   11.5   40.7
  70.040  2101.2 |  -22.5  -42.9  -50.6  -22.4 |  -24.8  -45.2  -73.3 |   20.4   48.5
  70.080  2102.4 |  -23.1  -42.7  -53.1  -23.0 |  -30.5  -44.5  -71.0 |   14.0   40.5
  70.120  2103.6 |  -23.0  -43.5  -54.6  -22.8 |  -33.7  -47.0  -74.1 |   13.3   40.4
  70.160  2104.8 |  -31.6  -45.0  -54.3  -31.1 |  -54.2  -48.3  -74.1 |   -5.8   19.9
  70.200  2106.0 |  -18.7  -43.0  -52.7  -18.7 |  -43.0  -44.6  -74.8 |    1.6   31.8
  70.240  2107.2 |  -26.8  -44.4  -57.4  -26.6 |  -29.0  -46.1  -75.9 |   17.1   46.9
  70.280  2108.4 |  -30.7  -42.9  -56.4  -30.7 |  -39.7  -43.4  -73.0 |    3.8   33.3
  70.320  2109.6 |  -36.6  -44.4  -52.6  -35.9 |  -42.9  -44.8  -74.2 |    1.9   31.2
  70.360  2110.8 |  -22.6  -45.4  -49.7  -22.7 |  -30.8  -46.0  -75.5 |   15.2   44.7
  70.400  2112.0 |  -29.6  -42.6  -50.1  -29.4 |  -29.9  -43.0  -72.0 |   13.1   42.2
  70.440  2113.2 |  -28.4  -42.5  -49.6  -28.3 |  -28.4  -42.7  -73.6 |   14.2   45.2
  70.480  2114.4 |  -27.1  -41.2  -51.7  -26.9 |  -30.7  -41.4  -72.8 |   10.7   42.1
  70.520  2115.6 |  -26.2  -40.1  -56.6  -26.0 |  -35.0  -40.3  -72.7 |    5.3   37.7
  70.560  2116.8 |  -27.3  -41.1  -54.8  -27.1 |  -45.4  -41.6  -70.8 |   -3.8   25.4
  70.600  2118.0 |  -27.4  -42.1  -51.9  -27.2 |  -38.2  -42.7  -74.8 |    4.5   36.6
  70.640  2119.2 |  -21.0  -43.8  -50.6  -21.0 |  -25.8  -44.4  -72.3 |   18.6   46.5
  70.680  2120.4 |  -38.1  -43.6  -52.1  -36.7 |  -38.7  -44.4  -73.3 |    5.7   34.6
  70.720  2121.6 |  -31.7  -42.5  -49.4  -30.9 |  -40.1  -42.8  -73.0 |    2.6   32.8
  70.760  2122.8 |  -26.6  -42.7  -50.4  -27.1 |  -32.7  -42.9  -74.6 |   10.2   41.9
  70.800  2124.0 |  -25.4  -40.3  -54.2  -25.6 |  -31.3  -42.3  -73.7 |   11.0   42.4
  70.840  2125.2 |  -28.9  -37.3  -59.0  -28.4 |  -35.8  -43.5  -74.7 |    7.7   38.9
  70.880  2126.4 |  -33.6  -36.8  -56.2  -31.9 |  -34.4  -41.5  -75.4 |    7.1   41.1
  70.920  2127.6 |  -30.7  -35.4  -51.9  -29.6 |  -31.3  -41.6  -73.7 |   10.3   42.4
  70.960  2128.8 |  -28.5  -36.8  -54.6  -28.4 |  -31.3  -40.5  -74.4 |    9.3   43.2
  71.000  2130.0 |  -32.3  -38.1  -54.2  -31.2 |  -34.1  -41.8  -71.5 |    7.7   37.4
  71.040  2131.2 |  -30.7  -40.4  -49.9  -30.2 |  -31.0  -43.0  -72.2 |   12.0   41.2
  71.080  2132.4 |  -36.4  -41.3  -54.0  -35.2 |  -36.5  -41.9  -75.1 |    5.4   38.7
  71.120  2133.6 |  -46.4  -40.2  -50.2  -39.0 |  -46.2  -42.3  -72.6 |   -4.0   26.4
  71.160  2134.8 |  -66.0  -42.4  -54.6  -42.2 |  -58.8  -42.9  -72.0 |  -15.8   13.2
  71.200  2136.0 |  -71.7  -40.7  -51.4  -40.4 |  -59.0  -42.8  -74.4 |  -16.3   15.4
  71.240  2137.2 |  -71.4  -40.6  -53.0  -40.4 |  -58.6  -41.2  -73.5 |  -17.4   14.9
  71.280  2138.4 |  -71.3  -40.2  -48.1  -39.6 |  -58.0  -41.3  -71.2 |  -16.6   13.2
  71.320  2139.6 |  -71.6  -40.5  -55.9  -40.4 |  -57.4  -41.3  -74.6 |  -16.1   17.2
  71.360  2140.8 |  -71.6  -41.1  -53.3  -41.0 |  -56.6  -41.7  -75.3 |  -14.9   18.7
  71.400  2142.0 |  -71.3  -33.9  -48.1  -33.8 |  -55.7  -34.3  -72.6 |  -21.4   16.8
  71.440  2143.2 |  -71.5  -32.0  -54.0  -32.0 |  -54.7  -32.3  -71.4 |  -22.4   16.7
  71.480  2144.4 |  -71.8  -32.0  -53.4  -32.0 |  -53.4  -32.2  -74.0 |  -21.2   20.6

=== V1 readout beep vs "It's" (speech band)  (2.6-3.0 s, f78-f90) ===
t(s)     frame  | full: voice  music    sfx render | 300-4000 Hz: voice  music    sfx | v-m(band) v-s(band)
   2.600    78.0 |  -71.0  -32.2  -46.3  -31.7 |  -45.5  -35.7  -54.7 |   -9.7    9.2
   2.620    78.6 |  -71.4  -33.1  -43.2  -32.9 |  -44.0  -35.7  -54.5 |   -8.3   10.5
   2.640    79.2 |  -71.4  -33.6  -45.1  -33.2 |  -42.1  -36.0  -51.9 |   -6.2    9.8
   2.660    79.8 |  -71.1  -34.0  -43.6  -33.7 |  -39.6  -36.1  -51.6 |   -3.5   12.1
   2.680    80.4 |  -51.5  -35.4  -41.5  -34.1 |  -35.3  -36.5  -49.9 |    1.2   14.6
   2.700    81.0 |  -16.7  -38.1  -41.5  -16.9 |  -17.2  -39.8  -44.7 |   22.6   27.5
   2.720    81.6 |  -13.3  -39.7  -43.8  -13.3 |  -15.0  -42.7  -49.4 |   27.7   34.5
   2.740    82.2 |  -21.9  -40.3  -46.5  -21.7 |  -30.3  -45.0  -51.5 |   14.6   21.2
   2.760    82.8 |  -30.9  -42.0  -37.9  -29.3 |  -38.7  -46.8  -38.4 |    8.2   -0.3
   2.780    83.4 |  -18.6  -34.8  -32.9  -18.4 |  -39.6  -43.5  -32.9 |    3.9   -6.7
   2.800    84.0 |  -20.2  -33.6  -32.0  -19.7 |  -33.0  -43.3  -32.0 |   10.3   -0.9
   2.820    84.6 |  -40.1  -33.4  -32.1  -28.9 |  -45.5  -44.6  -32.3 |   -0.8  -13.2
   2.840    85.2 |  -47.7  -34.7  -38.1  -33.1 |  -51.4  -46.0  -38.2 |   -5.4  -13.2
   2.860    85.8 |  -51.4  -37.0  -50.4  -36.5 |  -54.1  -48.7  -57.0 |   -5.5    2.9
   2.880    86.4 |  -33.3  -36.7  -52.0  -32.5 |  -34.2  -50.2  -71.1 |   16.0   36.9
   2.900    87.0 |  -39.6  -37.6  -61.6  -35.0 |  -43.4  -51.8  -72.6 |    8.4   29.3
   2.920    87.6 |  -42.0  -38.5  -50.6  -36.8 |  -44.2  -53.9  -69.5 |    9.7   25.3
   2.940    88.2 |  -15.4  -40.0  -51.7  -15.5 |  -18.8  -54.2  -68.2 |   35.4   49.4
   2.960    88.8 |  -15.9  -39.7  -49.4  -15.8 |  -17.7  -55.3  -71.7 |   37.7   54.0
   2.980    89.4 |  -15.1  -41.9  -44.9  -15.1 |  -16.4  -56.4  -69.7 |   40.1   53.3

=== V1 readout beep vs "It's" (4-12 kHz, the /s/)  (2.6-3.0 s, f78-f90) ===
t(s)     frame  | full: voice  music    sfx render | 4000-12000 Hz: voice  music    sfx | v-m(band) v-s(band)
   2.600    78.0 |  -71.0  -32.2  -46.3  -31.7 |  -66.0  -81.8  -54.4 |   15.8  -11.6
   2.620    78.6 |  -71.4  -33.1  -43.2  -32.9 |  -65.3  -86.1  -49.5 |   20.9  -15.8
   2.640    79.2 |  -71.4  -33.6  -45.1  -33.2 |  -64.2  -88.4  -48.5 |   24.2  -15.7
   2.660    79.8 |  -71.1  -34.0  -43.6  -33.7 |  -62.8  -89.1  -46.9 |   26.3  -15.9
   2.680    80.4 |  -51.5  -35.4  -41.5  -34.1 |  -59.3  -90.1  -49.0 |   30.9  -10.3
   2.700    81.0 |  -16.7  -38.1  -41.5  -16.9 |  -35.0  -78.8  -48.7 |   43.8   13.7
   2.720    81.6 |  -13.3  -39.7  -43.8  -13.3 |  -30.3  -61.9  -49.2 |   31.5   18.8
   2.740    82.2 |  -21.9  -40.3  -46.5  -21.7 |  -47.4  -64.4  -50.0 |   17.0    2.5
   2.760    82.8 |  -30.9  -42.0  -37.9  -29.3 |  -39.8  -76.0  -56.8 |   36.3   17.1
   2.780    83.4 |  -18.6  -34.8  -32.9  -18.4 |  -19.0  -80.5  -79.7 |   61.5   60.7
   2.800    84.0 |  -20.2  -33.6  -32.0  -19.7 |  -21.3  -83.3  -79.9 |   62.0   58.6
   2.820    84.6 |  -40.1  -33.4  -32.1  -28.9 |  -45.9  -84.8  -80.4 |   38.9   34.5
   2.840    85.2 |  -47.7  -34.7  -38.1  -33.1 |  -58.0  -86.3  -80.6 |   28.4   22.6
   2.860    85.8 |  -51.4  -37.0  -50.4  -36.5 |  -60.5  -87.8  -80.1 |   27.3   19.6
   2.880    86.4 |  -33.3  -36.7  -52.0  -32.5 |  -44.9  -86.3  -80.0 |   41.5   35.1
   2.900    87.0 |  -39.6  -37.6  -61.6  -35.0 |  -48.0  -87.7  -79.0 |   39.7   31.0
   2.920    87.6 |  -42.0  -38.5  -50.6  -36.8 |  -46.7  -91.3  -78.1 |   44.6   31.3
   2.940    88.2 |  -15.4  -40.0  -51.7  -15.5 |  -50.7  -94.0  -76.9 |   43.3   26.2
   2.960    88.8 |  -15.9  -39.7  -49.4  -15.8 |  -44.9  -95.5  -76.5 |   50.6   31.6
   2.980    89.4 |  -15.1  -41.9  -44.9  -15.1 |  -46.1  -95.4  -74.8 |   49.3   28.7

=== V3 mirror slide + ting (1 frame windows)  (34.53333333333333-35.2 s, f1036-f1056) ===
t(s)     frame  | full: voice  music    sfx render | 300-4000 Hz: voice  music    sfx | v-m(band) v-s(band)
  34.533  1036.0 |  -14.9  -41.0  -50.2  -14.8 |  -27.1  -47.8  -60.6 |   20.7   33.6
  34.567  1037.0 |  -14.7  -36.5  -45.6  -14.5 |  -24.6  -45.1  -68.1 |   20.4   43.5
  34.600  1038.0 |  -14.4  -34.0  -49.8  -14.5 |  -23.5  -44.2  -69.4 |   20.7   46.0
  34.633  1039.0 |  -13.8  -35.6  -46.3  -13.7 |  -16.1  -47.0  -71.4 |   30.9   55.3
  34.667  1040.0 |  -14.2  -38.2  -48.7  -14.2 |  -15.8  -50.8  -67.4 |   35.0   51.5
  34.700  1041.0 |  -14.7  -38.4  -50.3  -14.6 |  -15.6  -52.7  -67.5 |   37.1   51.9
  34.733  1042.0 |  -15.1  -40.4  -49.9  -15.1 |  -16.1  -55.0  -65.4 |   38.9   49.3
  34.767  1043.0 |  -14.9  -41.6  -51.2  -15.0 |  -16.2  -57.9  -67.0 |   41.7   50.8
  34.800  1044.0 |  -17.3  -34.8  -48.4  -17.3 |  -18.1  -51.9  -70.4 |   33.8   52.3
  34.833  1045.0 |  -19.4  -29.4  -51.4  -18.8 |  -19.9  -47.2  -63.8 |   27.3   43.8
  34.867  1046.0 |  -23.7  -29.4  -53.1  -23.3 |  -25.9  -49.9  -63.0 |   24.0   37.0
  34.900  1047.0 |  -33.1  -30.9  -50.3  -28.9 |  -35.3  -53.1  -58.3 |   17.8   23.0
  34.933  1048.0 |  -24.2  -33.4  -44.0  -23.1 |  -29.7  -51.9  -45.9 |   22.2   16.2
  34.967  1049.0 |  -18.6  -34.8  -39.2  -18.7 |  -19.9  -53.3  -39.7 |   33.4   19.7
  35.000  1050.0 |  -19.6  -36.6  -35.6  -19.5 |  -19.9  -55.4  -42.2 |   35.5   22.3
  35.033  1051.0 |  -20.8  -38.3  -45.9  -20.7 |  -21.2  -56.5  -53.3 |   35.3   32.1
  35.067  1052.0 |  -22.1  -40.7  -47.2  -22.1 |  -22.4  -59.9  -59.5 |   37.6   37.1
  35.100  1053.0 |  -21.0  -39.8  -47.6  -20.9 |  -21.2  -45.5  -62.8 |   24.3   41.7
  35.133  1054.0 |  -23.5  -39.2  -50.4  -23.3 |  -24.5  -43.0  -67.4 |   18.5   42.9
  35.167  1055.0 |  -30.0  -40.3  -51.9  -29.6 |  -31.7  -44.9  -68.6 |   13.2   36.9

=== V5 crossing: tap f3297, uh-oh f3307, "one place."  (109.8-111.1 s, f3294-f3333) ===
t(s)     frame  | full: voice  music    sfx render | 300-4000 Hz: voice  music    sfx | v-m(band) v-s(band)
 109.800  3294.0 |  -61.3  -63.8  -50.5  -49.6 |  -51.7  -80.0  -66.2 |   28.3   14.5
 109.840  3295.2 |  -71.4  -66.9  -50.6  -50.4 |  -52.1  -81.5  -66.2 |   29.4   14.1
 109.880  3296.4 |  -71.8  -76.4  -37.3  -37.3 |  -51.8  -86.7  -38.5 |   34.9  -13.2
 109.920  3297.6 |  -71.5 -240.0  -49.5  -49.5 |  -51.2  -87.8  -58.7 |   36.6    7.5
 109.960  3298.8 |  -71.8 -240.0  -47.7  -47.7 |  -50.3  -88.0  -68.1 |   37.7   17.8
 110.000  3300.0 |  -71.8 -240.0  -46.7  -46.7 |  -48.9  -88.3  -64.7 |   39.4   15.8
 110.040  3301.2 |  -71.4 -240.0  -44.6  -44.5 |  -46.1  -88.4  -66.8 |   42.3   20.7
 110.080  3302.4 |  -30.7 -240.0  -47.5  -30.6 |  -36.8  -88.6  -67.6 |   51.8   30.8
 110.120  3303.6 |  -21.6 -240.0  -44.2  -21.6 |  -39.3  -88.7  -65.8 |   49.4   26.4
 110.160  3304.8 |  -19.9 -240.0  -45.5  -20.0 |  -27.4  -88.8  -67.6 |   61.4   40.2
 110.200  3306.0 |  -15.6 -240.0  -43.6  -15.6 |  -16.3  -88.9  -47.6 |   72.5   31.3
 110.240  3307.2 |  -13.7 -240.0  -32.6  -13.6 |  -14.1  -88.9  -32.6 |   74.8   18.6
 110.280  3308.4 |  -17.5 -240.0  -30.3  -17.4 |  -20.4  -88.9  -30.6 |   68.5   10.2
 110.320  3309.6 |  -17.3 -240.0  -32.9  -17.1 |  -25.7  -88.9  -33.1 |   63.2    7.4
 110.360  3310.8 |  -26.8 -240.0  -35.0  -26.3 |  -37.1  -88.8  -35.2 |   51.7   -1.9
 110.400  3312.0 |  -32.8 -240.0  -35.1  -30.8 |  -40.4  -88.8  -36.1 |   48.4   -4.3
 110.440  3313.2 |  -17.9 -240.0  -38.0  -17.9 |  -19.3  -88.7  -38.7 |   69.4   19.4
 110.480  3314.4 |  -15.6 -240.0  -32.0  -15.4 |  -16.2  -88.5  -32.1 |   72.4   16.0
 110.520  3315.6 |  -22.7 -240.0  -31.4  -22.0 |  -23.1  -88.4  -31.4 |   65.3    8.3
 110.560  3316.8 |  -27.9 -240.0  -29.3  -25.6 |  -28.1  -88.2  -29.4 |   60.1    1.2
 110.600  3318.0 |  -35.3 -240.0  -28.2  -27.3 |  -37.1  -88.0  -28.6 |   50.9   -8.5
 110.640  3319.2 |  -25.8 -240.0  -28.4  -23.9 |  -39.2  -87.7  -28.4 |   48.5  -10.8
 110.680  3320.4 |  -23.5 -240.0  -31.0  -22.9 |  -43.8  -87.4  -31.3 |   43.6  -12.4
 110.720  3321.6 |  -24.7 -240.0  -33.4  -24.2 |  -44.0  -87.1  -35.4 |   43.1   -8.6
 110.760  3322.8 |  -27.2 -240.0  -33.9  -26.4 |  -42.2  -86.7  -36.3 |   44.5   -5.9
 110.800  3324.0 |  -35.0 -240.0  -35.7  -32.3 |  -44.0  -86.3  -38.4 |   42.2   -5.7
 110.840  3325.2 |  -59.7 -240.0  -38.8  -38.8 |  -58.1  -85.8  -42.2 |   27.8  -15.8
 110.880  3326.4 |  -71.6 -240.0  -40.9  -40.9 |  -58.7  -85.3  -47.3 |   26.6  -11.5
 110.920  3327.6 |  -71.7 -240.0  -40.3  -40.3 |  -58.5  -84.7  -46.9 |   26.2  -11.6
 110.960  3328.8 |  -71.7 -240.0  -41.7  -41.8 |  -58.3  -84.1  -51.0 |   25.7   -7.3
 111.000  3330.0 |  -71.5 -240.0  -43.6  -43.5 |  -57.9  -83.3  -55.4 |   25.4   -2.5
 111.040  3331.2 |  -71.3 -240.0  -43.9  -43.9 |  -57.4  -82.5  -56.9 |   25.0   -0.6
 111.080  3332.4 |  -71.6 -240.0  -45.1  -45.1 |  -56.8  -81.5  -63.7 |   24.7    6.9

=== V5 "place." /s/ under the uh-oh (4-12 kHz)  (110.5-110.9 s, f3315-f3327) ===
t(s)     frame  | full: voice  music    sfx render | 4000-12000 Hz: voice  music    sfx | v-m(band) v-s(band)
 110.500  3315.0 |  -18.4 -240.0  -31.1  -18.1 |  -35.0 -129.4  -72.7 |   94.5   37.7
 110.540  3316.2 |  -26.2 -240.0  -32.1  -25.2 |  -46.0 -129.7  -65.2 |   83.7   19.2
 110.580  3317.4 |  -31.1 -240.0  -28.1  -26.3 |  -49.8 -129.9  -65.8 |   80.0   16.0
 110.620  3318.6 |  -30.7 -240.0  -26.8  -25.2 |  -31.9 -130.0  -75.2 |   98.0   43.3
 110.660  3319.8 |  -23.8 -240.0  -31.7  -23.2 |  -24.0 -130.0  -75.9 |  106.0   51.9
 110.700  3321.0 |  -24.0 -240.0  -33.1  -23.6 |  -24.2 -130.0  -78.5 |  105.8   54.3
 110.740  3322.2 |  -25.6 -240.0  -32.2  -24.7 |  -25.7 -129.9  -78.4 |  104.2   52.6
 110.780  3323.4 |  -30.0 -240.0  -35.8  -29.0 |  -30.4 -129.7  -78.9 |   99.4   48.5
 110.820  3324.6 |  -43.6 -240.0  -37.4  -36.5 |  -44.2 -129.5  -78.2 |   85.2   34.0
 110.860  3325.8 |  -70.5 -240.0  -38.9  -38.9 |  -64.5 -129.1  -79.0 |   64.6   14.5

=== V4 bump: tick on "zoom"  (67.0-67.6 s, f2010-f2028) ===
 music note onsets per instrument stem (energy jump >= 6 dB / 40 ms):
   bass      onsets: [67.18, 67.27]
   glock     onsets: [67.24]
   pizz      onsets: [67.18]
   strings   onsets: [67.49]
   vibes     onsets: [67.24]
t(s)     frame  | full: voice  music    sfx render | 300-4000 Hz: voice  music    sfx | v-m(band) v-s(band)
  67.000  2010.0 |  -21.5  -39.6  -51.7  -22.1 |  -22.9  -40.0  -71.9 |   17.1   49.0
  67.040  2011.2 |  -37.0  -37.4  -51.6  -34.7 |  -41.7  -37.6  -72.9 |   -4.1   31.3
  67.080  2012.4 |  -20.8  -36.2  -50.6  -20.7 |  -24.4  -36.4  -75.5 |   12.0   51.1
  67.120  2013.6 |  -16.1  -38.0  -52.5  -16.2 |  -22.6  -38.0  -70.4 |   15.4   47.7
  67.160  2014.8 |  -20.1  -39.9  -54.7  -20.1 |  -31.5  -39.9  -73.6 |    8.4   42.1
  67.200  2016.0 |  -20.4  -33.0  -57.1  -20.4 |  -37.5  -40.9  -74.1 |    3.5   36.7
  67.240  2017.2 |  -19.2  -33.2  -52.0  -19.2 |  -32.2  -42.8  -74.6 |   10.6   42.5
  67.280  2018.4 |  -14.2  -29.1  -55.8  -14.0 |  -23.8  -41.0  -75.3 |   17.1   51.5
  67.320  2019.6 |  -15.9  -29.6  -57.1  -15.5 |  -27.2  -40.9  -74.7 |   13.7   47.5
  67.360  2020.8 |  -17.5  -32.3  -54.0  -17.5 |  -28.8  -43.0  -73.8 |   14.2   44.9
  67.400  2022.0 |  -16.5  -34.5  -50.2  -16.6 |  -26.6  -45.8  -74.2 |   19.2   47.6
  67.440  2023.2 |  -16.1  -37.4  -49.7  -16.0 |  -19.8  -46.5  -71.8 |   26.7   52.0
  67.480  2024.4 |  -16.0  -38.9  -49.3  -16.0 |  -20.2  -46.2  -74.0 |   26.0   53.8
  67.520  2025.6 |  -18.5  -39.9  -52.0  -18.6 |  -33.1  -45.0  -72.9 |   11.8   39.8
  67.560  2026.8 |  -21.2  -39.5  -55.6  -21.5 |  -35.0  -44.4  -73.5 |    9.5   38.6
