=== audio_qc masking window 107.0-107.1 s (f3210-f3213)
   effect: V5 arc_draw cue f3193 (106.433 s) gain 0 dB, sounds 106.43-107.40 s; note: arc 2 sweep
   word: s20 'arc.' f3200-3212 (106.67-107.07 s)
t(s)     frame  | full: voice  music    sfx render | 300-4000 Hz: voice  music    sfx | v-m(band) v-s(band)
 106.700  3201.0 |  -15.1  -47.5  -39.5  -15.1 |  -15.4  -71.2  -55.1 |   55.8   39.7
 106.740  3202.2 |  -16.6  -48.0  -36.8  -16.6 |  -17.0  -73.6  -49.6 |   56.6   32.6
 106.780  3203.4 |  -21.3  -43.2  -36.2  -21.1 |  -21.3  -44.5  -51.5 |   23.2   30.2
 106.820  3204.6 |  -27.8  -36.6  -36.6  -26.8 |  -27.9  -36.8  -53.4 |    8.9   25.4
 106.860  3205.8 |  -36.4  -36.5  -37.4  -31.9 |  -37.1  -36.7  -56.2 |   -0.4   19.1
 106.900  3207.0 |  -46.0  -38.9  -35.5  -33.7 |  -46.3  -39.2  -55.7 |   -7.1    9.4
 106.940  3208.2 |  -26.6  -42.8  -32.4  -25.5 |  -27.7  -43.5  -53.9 |   15.8   26.2
 106.980  3209.4 |  -30.9  -46.5  -31.5  -28.2 |  -31.7  -48.6  -52.6 |   16.9   20.9
 107.020  3210.6 |  -35.9  -48.1  -35.4  -32.6 |  -36.2  -51.1  -50.5 |   14.9   14.3
 107.060  3211.8 |  -41.1  -49.1  -39.9  -37.3 |  -40.9  -52.7  -53.9 |   11.7   13.0
 107.100  3213.0 |  -52.2  -50.0  -38.0  -37.8 |  -49.1  -55.2  -57.0 |    6.1    7.9
 107.140  3214.2 |  -68.9  -50.4  -39.2  -38.7 |  -51.0  -57.2  -60.6 |    6.3    9.6
 107.180  3215.4 |  -71.3  -51.7  -41.1  -41.0 |  -49.7  -59.8  -58.3 |   10.1    8.6
 107.220  3216.6 |  -71.6  -51.7  -43.3  -42.8 |  -48.3  -63.2  -60.5 |   14.9   12.2
 107.260  3217.8 |  -71.6  -52.1  -44.2  -43.4 |  -46.7  -65.8  -65.2 |   19.1   18.5
 107.300  3219.0 |  -71.1  -52.7  -43.6  -42.8 |  -44.6  -67.6  -64.5 |   22.9   19.9
 107.340  3220.2 |  -71.8  -53.0  -44.8  -44.6 |  -42.0  -71.0  -66.8 |   29.1   24.8
 107.380  3221.4 |  -34.5  -45.8  -46.2  -33.9 |  -32.5  -46.9  -68.5 |   14.3   36.0
t(s)     frame  | full: voice  music    sfx render | 4000-12000 Hz: voice  music    sfx | v-m(band) v-s(band)
 106.700  3201.0 |  -15.1  -47.5  -39.5  -15.1 |  -39.3 -105.6  -43.1 |   66.3    3.8
 106.740  3202.2 |  -16.6  -48.0  -36.8  -16.6 |  -43.8 -101.2  -39.3 |   57.4   -4.6
 106.780  3203.4 |  -21.3  -43.2  -36.2  -21.1 |  -51.1  -69.5  -38.4 |   18.4  -12.7
 106.820  3204.6 |  -27.8  -36.6  -36.6  -26.8 |  -55.9  -69.3  -37.9 |   13.4  -18.0
 106.860  3205.8 |  -36.4  -36.5  -37.4  -31.9 |  -53.9  -77.4  -38.4 |   23.5  -15.5
 106.900  3207.0 |  -46.0  -38.9  -35.5  -33.7 |  -55.0  -86.4  -36.6 |   31.4  -18.5
 106.940  3208.2 |  -26.6  -42.8  -32.4  -25.5 |  -33.4  -91.5  -33.0 |   58.1   -0.4
 106.980  3209.4 |  -30.9  -46.5  -31.5  -28.2 |  -39.1  -94.1  -32.1 |   55.0   -7.0
 107.020  3210.6 |  -35.9  -48.1  -35.4  -32.6 |  -48.8  -97.1  -36.2 |   48.3  -12.6
 107.060  3211.8 |  -41.1  -49.1  -39.9  -37.3 |  -58.8  -99.2  -42.5 |   40.4  -16.3
 107.100  3213.0 |  -52.2  -50.0  -38.0  -37.8 |  -69.8 -102.2  -40.4 |   32.4  -29.4
 107.140  3214.2 |  -68.9  -50.4  -39.2  -38.7 |  -73.6 -104.6  -41.5 |   31.0  -32.1
 107.180  3215.4 |  -71.3  -51.7  -41.1  -41.0 |  -74.0 -105.6  -43.9 |   31.6  -30.1
 107.220  3216.6 |  -71.6  -51.7  -43.3  -42.8 |  -73.8 -107.5  -49.7 |   33.7  -24.1
 107.260  3217.8 |  -71.6  -52.1  -44.2  -43.4 |  -74.1 -107.4  -52.6 |   33.4  -21.4
 107.300  3219.0 |  -71.1  -52.7  -43.6  -42.8 |  -73.1 -105.7  -54.4 |   32.6  -18.6
 107.340  3220.2 |  -71.8  -53.0  -44.8  -44.6 |  -71.0 -101.3  -58.9 |   30.4  -12.1
 107.380  3221.4 |  -34.5  -45.8  -46.2  -33.9 |  -57.7  -66.9  -70.9 |    9.2   13.2

=== audio_qc masking window 110.6-110.7 s (f3318-f3321)
   effect: V5 uh_oh cue f3307 (110.233 s) gain -6 dB, sounds 110.23-111.45 s; note: J3b: 2 frames after his face drops (on "one"), at -6 dB: its 0.65 s ring runs under "one place." about 7-19 dB below the voice's core (speech band), level with the tail of "place."
   word: s20 'place.' f3312-3331 (110.40-111.03 s)
t(s)     frame  | full: voice  music    sfx render | 300-4000 Hz: voice  music    sfx | v-m(band) v-s(band)
 110.300  3309.0 |  -17.4 -240.0  -31.6  -17.2 |  -22.1  -87.0  -31.7 |   64.9    9.5
 110.340  3310.2 |  -19.6 -240.0  -34.2  -19.5 |  -33.2  -87.3  -34.5 |   54.1    1.3
 110.380  3311.4 |  -31.1 -240.0  -34.4  -29.7 |  -36.9  -87.5  -35.1 |   50.5   -1.8
 110.420  3312.6 |  -24.9 -240.0  -37.7  -24.8 |  -28.4  -87.6  -38.0 |   59.2    9.5
 110.460  3313.8 |  -15.2 -240.0  -34.9  -15.1 |  -16.0  -87.7  -35.1 |   71.7   19.2
 110.500  3315.0 |  -18.4 -240.0  -31.1  -18.1 |  -18.9  -87.7  -31.3 |   68.9   12.5
 110.540  3316.2 |  -26.2 -240.0  -32.1  -25.2 |  -26.5  -87.7  -32.4 |   61.3    5.9
 110.580  3317.4 |  -31.1 -240.0  -28.1  -26.3 |  -31.6  -87.7  -28.3 |   56.1   -3.3
 110.620  3318.6 |  -30.7 -240.0  -26.8  -25.2 |  -38.1  -87.6  -26.8 |   49.5  -11.3
 110.660  3319.8 |  -23.8 -240.0  -31.7  -23.2 |  -43.3  -87.4  -32.0 |   44.2  -11.3
 110.700  3321.0 |  -24.0 -240.0  -33.1  -23.6 |  -44.8  -87.2  -34.5 |   42.4  -10.4
 110.740  3322.2 |  -25.6 -240.0  -32.2  -24.7 |  -43.0  -87.0  -33.8 |   44.0   -9.2
 110.780  3323.4 |  -30.0 -240.0  -35.8  -29.0 |  -41.7  -86.7  -39.0 |   45.0   -2.8
 110.820  3324.6 |  -43.6 -240.0  -37.4  -36.5 |  -52.0  -86.3  -41.0 |   34.3  -11.0
 110.860  3325.8 |  -70.5 -240.0  -38.9  -38.9 |  -61.7  -85.9  -42.2 |   24.2  -19.5
 110.900  3327.0 |  -71.6 -240.0  -41.6  -41.6 |  -62.4  -85.4  -47.1 |   23.0  -15.4
 110.940  3328.2 |  -71.4 -240.0  -41.3  -41.3 |  -63.3  -84.8  -51.2 |   21.5  -12.2
 110.980  3329.4 |  -71.6 -240.0  -41.7  -41.7 |  -64.0  -84.1  -51.1 |   20.1  -12.9
t(s)     frame  | full: voice  music    sfx render | 4000-12000 Hz: voice  music    sfx | v-m(band) v-s(band)
 110.300  3309.0 |  -17.4 -240.0  -31.6  -17.2 |  -42.9 -132.6  -80.1 |   89.7   37.3
 110.340  3310.2 |  -19.6 -240.0  -34.2  -19.5 |  -50.9 -132.9  -61.2 |   82.0   10.3
 110.380  3311.4 |  -31.1 -240.0  -34.4  -29.7 |  -38.3 -133.2  -67.3 |   94.9   29.0
 110.420  3312.6 |  -24.9 -240.0  -37.7  -24.8 |  -40.0 -133.4  -76.6 |   93.4   36.6
 110.460  3313.8 |  -15.2 -240.0  -34.9  -15.1 |  -31.8 -133.6  -63.7 |  101.7   31.9
 110.500  3315.0 |  -18.4 -240.0  -31.1  -18.1 |  -35.0 -133.7  -72.7 |   98.7   37.7
 110.540  3316.2 |  -26.2 -240.0  -32.1  -25.2 |  -46.0 -133.7  -65.2 |   87.7   19.2
 110.580  3317.4 |  -31.1 -240.0  -28.1  -26.3 |  -49.8 -133.7  -65.8 |   83.9   16.0
 110.620  3318.6 |  -30.7 -240.0  -26.8  -25.2 |  -31.9 -133.7  -75.2 |  101.7   43.3
 110.660  3319.8 |  -23.8 -240.0  -31.7  -23.2 |  -24.0 -133.6  -75.9 |  109.6   51.9
 110.700  3321.0 |  -24.0 -240.0  -33.1  -23.6 |  -24.2 -133.5  -78.5 |  109.2   54.3
 110.740  3322.2 |  -25.6 -240.0  -32.2  -24.7 |  -25.7 -133.3  -78.4 |  107.5   52.6
 110.780  3323.4 |  -30.0 -240.0  -35.8  -29.0 |  -30.4 -133.0  -78.9 |  102.7   48.5
 110.820  3324.6 |  -43.6 -240.0  -37.4  -36.5 |  -44.2 -132.7  -78.2 |   88.5   34.0
 110.860  3325.8 |  -70.5 -240.0  -38.9  -38.9 |  -64.8 -132.3  -79.0 |   67.5   14.2
 110.900  3327.0 |  -71.6 -240.0  -41.6  -41.6 |  -65.5 -131.9  -78.8 |   66.4   13.3
 110.940  3328.2 |  -71.4 -240.0  -41.3  -41.3 |  -65.8 -131.3  -79.3 |   65.5   13.5
 110.980  3329.4 |  -71.6 -240.0  -41.7  -41.7 |  -66.3 -130.7  -79.3 |   64.4   13.0

=== audio_qc masking window 110.8-110.9 s (f3324-f3327)
   effect: V5 uh_oh cue f3307 (110.233 s) gain -6 dB, sounds 110.23-111.45 s; note: J3b: 2 frames after his face drops (on "one"), at -6 dB: its 0.65 s ring runs under "one place." about 7-19 dB below the voice's core (speech band), level with the tail of "place."
   word: s20 'place.' f3312-3331 (110.40-111.03 s)
t(s)     frame  | full: voice  music    sfx render | 300-4000 Hz: voice  music    sfx | v-m(band) v-s(band)
 110.500  3315.0 |  -18.4 -240.0  -31.1  -18.1 |  -18.9  -70.9  -31.3 |   52.0   12.5
 110.540  3316.2 |  -26.2 -240.0  -32.1  -25.2 |  -26.5  -71.2  -32.4 |   44.7    5.9
 110.580  3317.4 |  -31.1 -240.0  -28.1  -26.3 |  -31.6  -71.4  -28.3 |   39.9   -3.3
 110.620  3318.6 |  -30.7 -240.0  -26.8  -25.2 |  -38.1  -71.6  -26.8 |   33.5  -11.3
 110.660  3319.8 |  -23.8 -240.0  -31.7  -23.2 |  -43.3  -71.7  -32.0 |   28.5  -11.3
 110.700  3321.0 |  -24.0 -240.0  -33.1  -23.6 |  -44.9  -71.8  -34.5 |   27.0  -10.4
 110.740  3322.2 |  -25.6 -240.0  -32.2  -24.7 |  -43.0  -71.9  -33.8 |   28.8   -9.2
 110.780  3323.4 |  -30.0 -240.0  -35.8  -29.0 |  -41.7  -71.8  -38.9 |   30.1   -2.8
 110.820  3324.6 |  -43.6 -240.0  -37.4  -36.5 |  -52.1  -71.8  -41.0 |   19.7  -11.1
 110.860  3325.8 |  -70.5 -240.0  -38.9  -38.9 |  -61.4  -71.6  -42.2 |   10.2  -19.2
 110.900  3327.0 |  -71.6 -240.0  -41.6  -41.6 |  -61.7  -71.4  -47.1 |    9.7  -14.6
 110.940  3328.2 |  -71.4 -240.0  -41.3  -41.3 |  -61.9  -71.2  -51.2 |    9.3  -10.7
 110.980  3329.4 |  -71.6 -240.0  -41.7  -41.7 |  -61.8  -70.9  -51.0 |    9.1  -10.7
 111.020  3330.6 |  -71.6 -240.0  -42.6  -42.6 |  -61.4  -70.5  -56.1 |    9.0   -5.3
 111.060  3331.8 |  -71.4 -240.0  -44.9  -44.9 |  -61.1  -70.0  -62.4 |    8.9    1.3
 111.100  3333.0 |  -71.7 -240.0  -48.6  -48.6 |  -60.2  -69.4  -64.6 |    9.2    4.4
 111.140  3334.2 |  -71.6 -240.0  -48.0  -48.0 |  -59.4  -68.7  -64.6 |    9.3    5.2
 111.180  3335.4 |  -71.2 -240.0  -45.4  -45.4 |  -58.1  -67.8  -67.1 |    9.7    9.0
t(s)     frame  | full: voice  music    sfx render | 4000-12000 Hz: voice  music    sfx | v-m(band) v-s(band)
 110.500  3315.0 |  -18.4 -240.0  -31.1  -18.1 |  -35.0 -121.3  -72.7 |   86.4   37.7
 110.540  3316.2 |  -26.2 -240.0  -32.1  -25.2 |  -46.0 -121.6  -65.2 |   75.7   19.2
 110.580  3317.4 |  -31.1 -240.0  -28.1  -26.3 |  -49.8 -121.9  -65.8 |   72.1   16.0
 110.620  3318.6 |  -30.7 -240.0  -26.8  -25.2 |  -31.9 -122.1  -75.2 |   90.1   43.3
 110.660  3319.8 |  -23.8 -240.0  -31.7  -23.2 |  -24.0 -122.2  -75.9 |   98.2   51.9
 110.700  3321.0 |  -24.0 -240.0  -33.1  -23.6 |  -24.2 -122.3  -78.5 |   98.1   54.3
 110.740  3322.2 |  -25.6 -240.0  -32.2  -24.7 |  -25.7 -122.3  -78.4 |   96.6   52.6
 110.780  3323.4 |  -30.0 -240.0  -35.8  -29.0 |  -30.4 -122.3  -78.9 |   92.0   48.5
 110.820  3324.6 |  -43.6 -240.0  -37.4  -36.5 |  -44.2 -122.3  -78.2 |   78.0   34.0
 110.860  3325.8 |  -70.5 -240.0  -38.9  -38.9 |  -64.8 -122.2  -79.0 |   57.4   14.2
 110.900  3327.0 |  -71.6 -240.0  -41.6  -41.6 |  -65.4 -122.0  -78.8 |   56.6   13.4
 110.940  3328.2 |  -71.4 -240.0  -41.3  -41.3 |  -65.7 -121.8  -79.3 |   56.1   13.6
 110.980  3329.4 |  -71.6 -240.0  -41.7  -41.7 |  -66.2 -121.6  -79.3 |   55.4   13.1
 111.020  3330.6 |  -71.6 -240.0  -42.6  -42.6 |  -66.7 -121.3  -78.6 |   54.6   11.9
 111.060  3331.8 |  -71.4 -240.0  -44.9  -44.9 |  -66.8 -120.9  -78.1 |   54.1   11.3
 111.100  3333.0 |  -71.7 -240.0  -48.6  -48.6 |  -67.1 -120.5  -78.4 |   53.3   11.3
 111.140  3334.2 |  -71.6 -240.0  -48.0  -48.0 |  -67.3 -119.9  -79.2 |   52.6   11.9
 111.180  3335.4 |  -71.2 -240.0  -45.4  -45.4 |  -67.2 -119.3  -77.8 |   52.1   10.6

=== audio_qc masking window 240.1-240.2 s (f7203-f7206)
   effect: V9 uh_oh cue f7190 (239.667 s) gain -10 dB, sounds 239.67-240.89 s; note: he deflates: the estimate keeps up
   word: n23 'up' f7200-7217 (240.00-240.57 s)
t(s)     frame  | full: voice  music    sfx render | 300-4000 Hz: voice  music    sfx | v-m(band) v-s(band)
 239.800  7194.0 |  -22.2  -32.1  -37.6  -22.2 |  -36.5  -45.3  -38.8 |    8.9    2.3
 239.840  7195.2 |  -25.5  -34.6  -39.9  -25.0 |  -30.5  -50.1  -40.9 |   19.5   10.4
 239.880  7196.4 |  -18.3  -35.4  -40.0  -18.3 |  -38.0  -48.6  -41.2 |   10.6    3.2
 239.920  7197.6 |  -15.8  -37.2  -34.4  -15.6 |  -17.1  -47.9  -35.3 |   30.9   18.2
 239.960  7198.8 |  -13.3  -38.9  -35.6  -13.3 |  -13.4  -48.4  -36.0 |   35.0   22.6
 240.000  7200.0 |  -15.3  -33.8  -31.6  -15.0 |  -15.7  -48.3  -32.1 |   32.6   16.4
 240.040  7201.2 |  -13.8  -32.0  -31.0  -13.8 |  -14.0  -40.4  -31.0 |   26.4   17.0
 240.080  7202.4 |  -25.4  -33.1  -34.7  -24.2 |  -25.7  -43.1  -35.4 |   17.3    9.7
 240.120  7203.6 |  -45.1  -35.5  -36.4  -33.2 |  -44.3  -44.2  -38.3 |   -0.1   -6.1
 240.160  7204.8 |  -36.3  -35.0  -34.7  -29.9 |  -37.1  -50.3  -38.2 |   13.2    1.1
 240.200  7206.0 |  -36.2  -35.9  -39.3  -31.4 |  -36.7  -51.4  -42.4 |   14.7    5.7
 240.240  7207.2 |  -38.1  -36.4  -40.3  -33.8 |  -39.4  -51.5  -45.4 |   12.1    6.0
 240.280  7208.4 |  -43.8  -42.1  -38.6  -36.5 |  -43.0  -50.1  -46.7 |    7.1    3.8
 240.320  7209.6 |  -54.5  -44.4  -44.6  -41.7 |  -49.3  -50.4  -50.6 |    1.1    1.2
 240.360  7210.8 |  -69.7  -39.8  -43.0  -38.5 |  -51.3  -48.6  -55.4 |   -2.7    4.0
 240.400  7212.0 |  -71.2  -36.4  -42.7  -34.5 |  -51.5  -48.7  -56.5 |   -2.8    5.0
 240.440  7213.2 |  -71.4  -38.4  -41.9  -36.9 |  -51.3  -48.4  -59.4 |   -2.8    8.1
 240.480  7214.4 |  -72.0  -38.7  -45.3  -38.4 |  -50.5  -46.5  -63.5 |   -4.0   13.0
t(s)     frame  | full: voice  music    sfx render | 4000-12000 Hz: voice  music    sfx | v-m(band) v-s(band)
 239.800  7194.0 |  -22.2  -32.1  -37.6  -22.2 |  -58.2  -94.6  -68.0 |   36.4    9.8
 239.840  7195.2 |  -25.5  -34.6  -39.9  -25.0 |  -28.2  -99.8  -75.9 |   71.7   47.7
 239.880  7196.4 |  -18.3  -35.4  -40.0  -18.3 |  -18.8 -103.3  -67.6 |   84.5   48.8
 239.920  7197.6 |  -15.8  -37.2  -34.4  -15.6 |  -23.8 -107.3  -73.9 |   83.5   50.1
 239.960  7198.8 |  -13.3  -38.9  -35.6  -13.3 |  -40.1 -109.5  -69.8 |   69.5   29.7
 240.000  7200.0 |  -15.3  -33.8  -31.6  -15.0 |  -42.9  -97.7  -68.3 |   54.8   25.4
 240.040  7201.2 |  -13.8  -32.0  -31.0  -13.8 |  -39.3  -99.1  -75.5 |   59.8   36.3
 240.080  7202.4 |  -25.4  -33.1  -34.7  -24.2 |  -51.4 -104.0  -75.8 |   52.6   24.4
 240.120  7203.6 |  -45.1  -35.5  -36.4  -33.2 |  -69.8 -110.4  -76.9 |   40.6    7.1
 240.160  7204.8 |  -36.3  -35.0  -34.7  -29.9 |  -46.5 -114.1  -77.1 |   67.6   30.6
 240.200  7206.0 |  -36.2  -35.9  -39.3  -31.4 |  -48.7 -114.5  -78.6 |   65.8   29.9
 240.240  7207.2 |  -38.1  -36.4  -40.3  -33.8 |  -54.3 -113.7  -79.8 |   59.5   25.5
 240.280  7208.4 |  -43.8  -42.1  -38.6  -36.5 |  -61.3  -91.3  -77.9 |   29.9   16.5
 240.320  7209.6 |  -54.5  -44.4  -44.6  -41.7 |  -65.1  -84.7  -76.8 |   19.6   11.7
 240.360  7210.8 |  -69.7  -39.8  -43.0  -38.5 |  -70.2  -83.6  -77.0 |   13.4    6.8
 240.400  7212.0 |  -71.2  -36.4  -42.7  -34.5 |  -71.3  -94.9  -76.8 |   23.7    5.5
 240.440  7213.2 |  -71.4  -38.4  -41.9  -36.9 |  -71.3 -101.1  -76.8 |   29.9    5.6
 240.480  7214.4 |  -72.0  -38.7  -45.3  -38.4 |  -71.1 -103.9  -77.5 |   32.8    6.4

=== audio_qc masking window 240.2-240.3 s (f7206-f7209)
   effect: V9 uh_oh cue f7190 (239.667 s) gain -10 dB, sounds 239.67-240.89 s; note: he deflates: the estimate keeps up
   word: n23 'up' f7200-7217 (240.00-240.57 s)
t(s)     frame  | full: voice  music    sfx render | 300-4000 Hz: voice  music    sfx | v-m(band) v-s(band)
 239.900  7197.0 |  -19.2  -36.4  -36.7  -19.1 |  -37.9  -47.8  -37.3 |    9.8   -0.6
 239.940  7198.2 |  -12.6  -37.6  -34.2  -12.6 |  -12.9  -48.1  -34.9 |   35.2   22.0
 239.980  7199.4 |  -14.9  -37.8  -34.0  -14.9 |  -15.3  -48.9  -34.4 |   33.7   19.1
 240.020  7200.6 |  -14.6  -32.2  -31.6  -14.4 |  -14.9  -42.9  -32.1 |   28.0   17.1
 240.060  7201.8 |  -16.6  -32.0  -31.8  -16.4 |  -16.8  -40.8  -32.0 |   24.0   15.2
 240.100  7203.0 |  -34.3  -35.2  -34.8  -30.0 |  -35.4  -43.9  -35.5 |    8.5    0.2
 240.140  7204.2 |  -52.6  -34.6  -36.7  -32.6 |  -49.5  -47.8  -39.1 |   -1.7  -10.4
 240.180  7205.4 |  -35.1  -35.6  -36.2  -30.0 |  -36.0  -50.8  -41.1 |   14.8    5.0
 240.220  7206.6 |  -36.0  -36.2  -38.6  -31.6 |  -37.3  -51.5  -42.2 |   14.2    4.9
 240.260  7207.8 |  -40.6  -38.2  -42.0  -35.6 |  -40.8  -50.0  -46.3 |    9.3    5.6
 240.300  7209.0 |  -47.3  -44.4  -39.5  -38.3 |  -46.9  -50.7  -51.1 |    3.8    4.1
 240.340  7210.2 |  -61.0  -44.8  -42.6  -40.8 |  -56.9  -49.8  -51.8 |   -7.1   -5.1
 240.380  7211.4 |  -71.1  -36.8  -42.7  -35.3 |  -60.4  -48.4  -54.4 |  -12.1   -6.0
 240.420  7212.6 |  -71.4  -37.4  -45.3  -36.0 |  -63.0  -48.8  -60.6 |  -14.2   -2.4
 240.460  7213.8 |  -71.7  -38.2  -42.0  -37.2 |  -63.8  -47.1  -60.4 |  -16.7   -3.4
 240.500  7215.0 |  -71.7  -39.7  -45.9  -39.3 |  -58.4  -46.4  -63.5 |  -12.0    5.1
 240.540  7216.2 |  -41.1  -40.7  -41.7  -37.2 |  -43.1  -46.6  -63.0 |    3.5   19.8
 240.580  7217.4 |  -18.0  -40.7  -46.4  -18.1 |  -28.5  -48.0  -64.1 |   19.5   35.6
t(s)     frame  | full: voice  music    sfx render | 4000-12000 Hz: voice  music    sfx | v-m(band) v-s(band)
 239.900  7197.0 |  -19.2  -36.4  -36.7  -19.1 |  -19.5 -106.6  -70.1 |   87.1   50.6
 239.940  7198.2 |  -12.6  -37.6  -34.2  -12.6 |  -38.6 -109.2  -75.6 |   70.6   37.0
 239.980  7199.4 |  -14.9  -37.8  -34.0  -14.9 |  -42.2 -100.0  -67.1 |   57.8   24.9
 240.020  7200.6 |  -14.6  -32.2  -31.6  -14.4 |  -42.1  -97.7  -72.1 |   55.6   30.0
 240.060  7201.8 |  -16.6  -32.0  -31.8  -16.4 |  -41.0 -102.7  -76.6 |   61.7   35.6
 240.100  7203.0 |  -34.3  -35.2  -34.8  -30.0 |  -54.6 -106.7  -75.9 |   52.2   21.3
 240.140  7204.2 |  -52.6  -34.6  -36.7  -32.6 |  -65.5 -112.4  -76.7 |   47.0   11.3
 240.180  7205.4 |  -35.1  -35.6  -36.2  -30.0 |  -45.3 -113.0  -77.9 |   67.7   32.6
 240.220  7206.6 |  -36.0  -36.2  -38.6  -31.6 |  -50.5 -114.2  -79.8 |   63.8   29.3
 240.260  7207.8 |  -40.6  -38.2  -42.0  -35.6 |  -58.3 -109.4  -78.6 |   51.0   20.3
 240.300  7209.0 |  -47.3  -44.4  -39.5  -38.3 |  -62.5  -84.6  -77.1 |   22.1   14.7
 240.340  7210.2 |  -61.0  -44.8  -42.6  -40.8 |  -65.7  -83.6  -77.0 |   17.9   11.2
 240.380  7211.4 |  -71.1  -36.8  -42.7  -35.3 |  -68.3  -90.8  -76.9 |   22.6    8.6
 240.420  7212.6 |  -71.4  -37.4  -45.3  -36.0 |  -68.4  -98.2  -76.8 |   29.8    8.4
 240.460  7213.8 |  -71.7  -38.2  -42.0  -37.2 |  -67.9 -101.7  -77.2 |   33.8    9.4
 240.500  7215.0 |  -71.7  -39.7  -45.9  -39.3 |  -66.4 -105.9  -77.3 |   39.4   10.8
 240.540  7216.2 |  -41.1  -40.7  -41.7  -37.2 |  -61.8 -109.0  -76.6 |   47.1   14.8
 240.580  7217.4 |  -18.0  -40.7  -46.4  -18.1 |  -39.2  -93.6  -76.7 |   54.4   37.4

=== audio_qc masking window 294.2-294.3 s (f8826-f8829)
   effect: V11 sun_glare cue f8813 (293.767 s) gain -9 dB, sounds 293.74-295.91 s; note: tile 3: the sunlit wall floods the sensor
   word: s43 'sunlight,' f8813-8837 (293.77-294.57 s)
t(s)     frame  | full: voice  music    sfx render | 300-4000 Hz: voice  music    sfx | v-m(band) v-s(band)
 293.900  8817.0 |  -17.3  -42.4  -43.7  -17.4 |  -24.2  -43.7  -47.8 |   19.4   23.6
 293.940  8818.2 |  -17.0  -44.2  -43.5  -16.9 |  -24.0  -45.3  -48.3 |   21.3   24.3
 293.980  8819.4 |  -18.9  -45.0  -44.1  -18.8 |  -23.0  -46.9  -49.5 |   23.9   26.6
 294.020  8820.6 |  -18.7  -45.4  -44.0  -18.7 |  -19.9  -47.3  -54.0 |   27.4   34.1
 294.060  8821.8 |  -26.7  -44.7  -44.2  -26.5 |  -27.0  -46.1  -55.1 |   19.1   28.0
 294.100  8823.0 |  -29.2  -43.9  -42.9  -28.9 |  -29.6  -45.7  -56.0 |   16.1   26.4
 294.140  8824.2 |  -33.1  -43.9  -42.9  -32.1 |  -33.8  -45.1  -59.4 |   11.3   25.6
 294.180  8825.4 |  -36.1  -42.3  -41.7  -34.3 |  -39.4  -43.1  -58.9 |    3.6   19.5
 294.220  8826.6 |  -44.0  -43.2  -41.1  -37.6 |  -45.4  -44.3  -60.4 |   -1.1   15.1
 294.260  8827.8 |  -56.3  -43.5  -40.0  -38.5 |  -55.2  -45.0  -62.2 |  -10.2    7.0
 294.300  8829.0 |  -70.1  -42.3  -39.4  -37.6 |  -60.2  -43.4  -63.0 |  -16.8    2.8
 294.340  8830.2 |  -71.8  -42.7  -39.5  -37.8 |  -61.5  -43.6  -64.5 |  -18.0    2.9
 294.380  8831.4 |  -71.6  -42.3  -39.7  -37.8 |  -62.6  -43.1  -65.5 |  -19.6    2.9
 294.420  8832.6 |  -71.8  -42.0  -39.9  -37.8 |  -63.1  -42.4  -65.7 |  -20.7    2.6
 294.460  8833.8 |  -71.6  -40.7  -39.8  -37.3 |  -63.5  -40.9  -66.3 |  -22.6    2.8
 294.500  8835.0 |  -71.8  -41.1  -39.8  -37.4 |  -63.4  -41.8  -66.5 |  -21.6    3.1
 294.540  8836.2 |  -71.4  -42.8  -40.2  -38.3 |  -61.7  -43.5  -66.8 |  -18.2    5.1
 294.580  8837.4 |  -39.1  -45.1  -40.8  -36.2 |  -39.2  -46.1  -65.8 |    6.8   26.6
t(s)     frame  | full: voice  music    sfx render | 4000-12000 Hz: voice  music    sfx | v-m(band) v-s(band)
 293.900  8817.0 |  -17.3  -42.4  -43.7  -17.4 |  -45.9 -129.6  -56.2 |   83.8   10.3
 293.940  8818.2 |  -17.0  -44.2  -43.5  -16.9 |  -45.0 -129.4  -55.0 |   84.4   10.0
 293.980  8819.4 |  -18.9  -45.0  -44.1  -18.8 |  -39.1 -128.8  -53.5 |   89.7   14.4
 294.020  8820.6 |  -18.7  -45.4  -44.0  -18.7 |  -32.0 -129.1  -51.6 |   97.0   19.6
 294.060  8821.8 |  -26.7  -44.7  -44.2  -26.5 |  -44.6 -128.9  -50.5 |   84.3    5.9
 294.100  8823.0 |  -29.2  -43.9  -42.9  -28.9 |  -48.1 -128.3  -48.4 |   80.2    0.3
 294.140  8824.2 |  -33.1  -43.9  -42.9  -32.1 |  -48.2 -129.7  -46.9 |   81.5   -1.4
 294.180  8825.4 |  -36.1  -42.3  -41.7  -34.3 |  -39.4 -129.0  -47.5 |   89.5    8.1
 294.220  8826.6 |  -44.0  -43.2  -41.1  -37.6 |  -49.0 -128.5  -44.6 |   79.6   -4.4
 294.260  8827.8 |  -56.3  -43.5  -40.0  -38.5 |  -63.2 -129.3  -44.2 |   66.1  -19.0
 294.300  8829.0 |  -70.1  -42.3  -39.4  -37.6 |  -68.6 -129.3  -42.1 |   60.7  -26.5
 294.340  8830.2 |  -71.8  -42.7  -39.5  -37.8 |  -69.2 -130.5  -42.5 |   61.3  -26.7
 294.380  8831.4 |  -71.6  -42.3  -39.7  -37.8 |  -69.3 -129.2  -42.4 |   59.8  -27.0
 294.420  8832.6 |  -71.8  -42.0  -39.9  -37.8 |  -69.5 -128.5  -42.9 |   59.0  -26.6
 294.460  8833.8 |  -71.6  -40.7  -39.8  -37.3 |  -69.2 -129.5  -43.1 |   60.3  -26.1
 294.500  8835.0 |  -71.8  -41.1  -39.8  -37.4 |  -68.7 -128.9  -42.6 |   60.1  -26.2
 294.540  8836.2 |  -71.4  -42.8  -40.2  -38.3 |  -67.2 -128.4  -43.7 |   61.2  -23.6
 294.580  8837.4 |  -39.1  -45.1  -40.8  -36.2 |  -52.0 -129.0  -44.0 |   77.0   -8.0

=== audio_qc masking window 310.7-310.8 s (f9321-f9324)
   effect: V12 footstep_wood cue f9315 (310.500 s) gain -9 dB, sounds 310.48-310.70 s; note: 
   effect: V12 partition_thunk cue f9318 (310.600 s) gain 2 dB, sounds 310.57-311.25 s; note: the far end meets the wall
   effect: V12 sensor_pulse cue f9322 (310.733 s) gain -4 dB, sounds 310.69-310.99 s; note: 
   word: s47 'too.' f9318-9332 (310.60-311.07 s)
t(s)     frame  | full: voice  music    sfx render | 300-4000 Hz: voice  music    sfx | v-m(band) v-s(band)
 310.400  9312.0 |  -22.1  -36.0  -46.8  -22.0 |  -45.9  -37.2  -56.6 |   -8.7   10.8
 310.440  9313.2 |  -28.5  -35.7  -36.5  -27.3 |  -54.9  -36.8  -37.1 |  -18.1  -17.8
 310.480  9314.4 |  -20.8  -36.7  -36.9  -20.5 |  -39.3  -39.0  -39.4 |   -0.3    0.2
 310.520  9315.6 |  -25.9  -38.0  -44.5  -25.8 |  -32.6  -41.4  -46.8 |    8.8   14.2
 310.560  9316.8 |  -12.4  -38.8  -28.2  -12.2 |  -12.7  -42.1  -29.3 |   29.4   16.6
 310.600  9318.0 |  -17.0  -37.9  -19.8  -14.8 |  -17.2  -42.0  -27.2 |   24.8   10.1
 310.640  9319.2 |  -19.7  -37.9  -26.1  -18.6 |  -20.3  -41.0  -36.9 |   20.7   16.6
 310.680  9320.4 |  -26.3  -37.5  -23.9  -21.8 |  -27.1  -39.8  -38.5 |   12.7   11.4
 310.720  9321.6 |  -33.0  -36.9  -25.6  -24.4 |  -33.4  -40.6  -43.8 |    7.1   10.4
 310.760  9322.8 |  -35.2  -38.5  -22.5  -22.2 |  -38.6  -41.9  -45.9 |    3.2    7.3
 310.800  9324.0 |  -52.2  -38.4  -29.6  -29.0 |  -50.8  -42.7  -52.2 |   -8.1    1.4
 310.840  9325.2 |  -66.0  -37.5  -29.3  -28.8 |  -53.9  -44.1  -54.9 |   -9.8    1.0
 310.880  9326.4 |  -71.8  -37.9  -35.4  -33.4 |  -54.6  -45.0  -57.1 |   -9.6    2.5
 310.920  9327.6 |  -71.5  -38.2  -36.3  -34.2 |  -55.1  -43.6  -60.4 |  -11.5    5.4
 310.960  9328.8 |  -71.3  -38.3  -36.2  -34.1 |  -55.5  -42.4  -56.8 |  -13.1    1.2
 311.000  9330.0 |  -71.2  -41.9  -39.3  -37.8 |  -55.7  -46.5  -40.7 |   -9.1  -15.0
 311.040  9331.2 |  -70.5  -55.5  -37.5  -37.5 |  -55.7  -60.3  -53.1 |    4.5   -2.7
 311.080  9332.4 |  -71.5 -240.0  -40.3  -40.3 |  -55.8  -76.8  -57.4 |   21.0    1.7
t(s)     frame  | full: voice  music    sfx render | 4000-12000 Hz: voice  music    sfx | v-m(band) v-s(band)
 310.400  9312.0 |  -22.1  -36.0  -46.8  -22.0 |  -22.5 -134.6  -75.8 |  112.1   53.3
 310.440  9313.2 |  -28.5  -35.7  -36.5  -27.3 |  -28.8 -134.4  -75.8 |  105.6   47.0
 310.480  9314.4 |  -20.8  -36.7  -36.9  -20.5 |  -21.0 -135.1  -74.5 |  114.1   53.5
 310.520  9315.6 |  -25.9  -38.0  -44.5  -25.8 |  -28.3 -134.4  -76.7 |  106.1   48.4
 310.560  9316.8 |  -12.4  -38.8  -28.2  -12.2 |  -41.0 -134.1  -67.9 |   93.1   26.9
 310.600  9318.0 |  -17.0  -37.9  -19.8  -14.8 |  -45.4 -136.0  -64.4 |   90.6   19.0
 310.640  9319.2 |  -19.7  -37.9  -26.1  -18.6 |  -44.9 -135.7  -58.5 |   90.8   13.6
 310.680  9320.4 |  -26.3  -37.5  -23.9  -21.8 |  -49.5 -134.7  -53.7 |   85.2    4.1
 310.720  9321.6 |  -33.0  -36.9  -25.6  -24.4 |  -56.5 -135.0  -39.6 |   78.5  -16.8
 310.760  9322.8 |  -35.2  -38.5  -22.5  -22.2 |  -56.8 -134.2  -60.7 |   77.3    3.9
 310.800  9324.0 |  -52.2  -38.4  -29.6  -29.0 |  -71.1 -135.8  -68.5 |   64.7   -2.5
 310.840  9325.2 |  -66.0  -37.5  -29.3  -28.8 |  -72.5 -135.7  -69.9 |   63.2   -2.5
 310.880  9326.4 |  -71.8  -37.9  -35.4  -33.4 |  -73.1 -135.6  -74.0 |   62.5    0.9
 310.920  9327.6 |  -71.5  -38.2  -36.3  -34.2 |  -73.2 -134.1  -76.1 |   60.9    2.8
 310.960  9328.8 |  -71.3  -38.3  -36.2  -34.1 |  -73.0 -136.0  -78.2 |   63.0    5.2
 311.000  9330.0 |  -71.2  -41.9  -39.3  -37.8 |  -73.4 -138.3  -74.3 |   64.9    0.9
 311.040  9331.2 |  -70.5  -55.5  -37.5  -37.5 |  -73.3 -140.3  -78.1 |   67.0    4.8
 311.080  9332.4 |  -71.5 -240.0  -40.3  -40.3 |  -73.4 -140.8  -44.6 |   67.5  -28.8

