t(s)     frame  | full: voice  music    sfx render | 300-4000 Hz: voice  music    sfx | v-m(band) v-s(band)
 299.700  8991.0 |  -36.2  -41.6  -42.3  -34.6 |  -40.3  -41.9  -46.9 |    1.6    6.6
 299.740  8992.2 |  -31.4  -34.5  -41.3  -29.2 |  -32.3  -43.6  -43.9 |   11.3   11.6
 299.780  8993.4 |  -16.9  -31.3  -39.1  -16.7 |  -28.1  -45.5  -41.2 |   17.3   13.0
 299.820  8994.6 |  -16.2  -32.4  -38.2  -16.2 |  -33.3  -46.6  -39.9 |   13.3    6.5
 299.860  8995.8 |  -15.6  -34.3  -36.8  -15.4 |  -32.2  -46.6  -38.5 |   14.4    6.3
 299.900  8997.0 |  -15.0  -36.3  -36.8  -14.8 |  -27.0  -50.1  -38.5 |   23.0   11.5
 299.940  8998.2 |  -14.7  -38.5  -38.1  -14.7 |  -24.4  -51.0  -39.8 |   26.5   15.4
 299.980  8999.4 |  -15.6  -40.7  -39.0  -15.5 |  -21.5  -47.2  -41.0 |   25.7   19.5
 300.020  9000.6 |  -15.2  -40.8  -41.0  -15.1 |  -21.7  -46.0  -43.3 |   24.3   21.6
 300.060  9001.8 |  -15.4  -40.8  -42.0  -15.4 |  -21.6  -44.9  -46.2 |   23.3   24.6
 300.100  9003.0 |  -15.9  -40.9  -42.3  -16.0 |  -23.9  -45.7  -44.6 |   21.8   20.7
 300.140  9004.2 |  -16.7  -41.3  -44.5  -16.8 |  -28.5  -46.2  -47.7 |   17.7   19.2
 300.180  9005.4 |  -18.6  -42.2  -43.0  -18.6 |  -37.1  -48.0  -44.8 |   10.9    7.8
 300.220  9006.6 |  -26.4  -43.0  -43.8  -26.3 |  -35.3  -48.7  -45.1 |   13.3    9.8
 300.260  9007.8 |  -35.4  -43.0  -41.2  -34.0 |  -36.2  -47.5  -42.3 |   11.3    6.1
 300.300  9009.0 |  -35.3  -42.2  -43.4  -33.7 |  -35.5  -45.7  -44.6 |   10.2    9.1
 300.340  9010.2 |  -38.0  -42.2  -44.9  -35.4 |  -38.1  -46.3  -47.2 |    8.2    9.1
 300.380  9011.4 |  -41.9  -42.2  -41.9  -36.7 |  -41.9  -45.1  -42.9 |    3.2    0.9
 300.420  9012.6 |  -46.8  -42.7  -44.1  -38.8 |  -46.4  -45.4  -45.6 |   -1.0   -0.8
 300.460  9013.8 |  -49.4  -42.8  -44.6  -39.8 |  -48.5  -44.7  -45.9 |   -3.8   -2.6
 300.500  9015.0 |  -49.3  -41.5  -44.6  -39.1 |  -48.4  -44.0  -45.2 |   -4.3   -3.1
 300.540  9016.2 |  -35.9  -42.1  -47.0  -35.3 |  -40.0  -43.6  -48.1 |    3.6    8.1
 300.580  9017.4 |  -40.8  -40.8  -41.3  -36.9 |  -44.0  -43.0  -41.5 |   -1.0   -2.5
 300.620  9018.6 |  -32.1  -40.5  -46.1  -31.4 |  -47.9  -42.6  -46.5 |   -5.3   -1.4
 300.660  9019.8 |  -18.5  -40.6  -47.0  -18.5 |  -42.5  -42.8  -47.3 |    0.3    4.8
 300.700  9021.0 |  -19.8  -40.2  -45.9  -19.8 |  -23.6  -42.9  -46.1 |   19.3   22.6
 300.740  9022.2 |  -26.4  -40.5  -45.6  -26.1 |  -42.1  -43.1  -46.0 |    1.0    3.9
 300.780  9023.4 |  -49.1  -41.6  -50.2  -40.3 |  -55.1  -43.0  -51.4 |  -12.1   -3.7
 300.820  9024.6 |  -30.4  -41.9  -44.9  -29.9 |  -30.8  -42.9  -45.6 |   12.1   14.8
 300.860  9025.8 |  -30.5  -43.1  -45.0  -30.1 |  -30.8  -44.6  -45.7 |   13.8   14.9
 300.900  9027.0 |  -22.7  -43.1  -44.8  -22.7 |  -29.7  -44.1  -46.2 |   14.4   16.5
 300.940  9028.2 |  -21.0  -41.8  -42.8  -20.9 |  -25.1  -43.0  -43.9 |   18.0   18.8
 300.980  9029.4 |  -18.7  -42.0  -41.2  -18.7 |  -22.2  -44.0  -42.0 |   21.7   19.8
 301.020  9030.6 |  -15.9  -41.4  -40.9  -15.9 |  -26.6  -44.5  -41.8 |   17.9   15.1
 301.060  9031.8 |  -17.3  -40.7  -41.9  -17.2 |  -30.5  -42.9  -42.7 |   12.4   12.2
 301.100  9033.0 |  -17.1  -41.0  -44.3  -17.1 |  -39.4  -43.3  -46.7 |    4.0    7.4
 301.140  9034.2 |  -18.3  -41.3  -43.5  -18.4 |  -34.0  -43.4  -44.9 |    9.3   10.9
 301.180  9035.4 |  -17.3  -40.4  -42.6  -17.3 |  -22.7  -42.4  -44.3 |   19.8   21.6
 301.220  9036.6 |  -15.0  -40.2  -42.7  -15.1 |  -25.4  -42.7  -44.6 |   17.3   19.2
 301.260  9037.8 |  -16.4  -40.0  -41.2  -16.4 |  -36.8  -41.6  -43.1 |    4.8    6.3
 301.300  9039.0 |  -25.4  -39.2  -41.5  -25.2 |  -25.7  -39.9  -45.1 |   14.2   19.4
 301.340  9040.2 |  -26.2  -39.4  -38.2  -25.8 |  -27.2  -40.0  -39.4 |   12.8   12.2
 301.380  9041.4 |  -34.0  -40.6  -38.1  -31.7 |  -39.9  -41.6  -39.7 |    1.7   -0.3
 301.420  9042.6 |  -42.8  -42.3  -35.8  -34.6 |  -41.3  -43.0  -37.7 |    1.7   -3.6
 301.460  9043.8 |  -14.7  -42.8  -36.7  -14.6 |  -19.0  -43.7  -38.4 |   24.7   19.4
 301.500  9045.0 |  -16.0  -43.6  -34.6  -16.0 |  -19.8  -44.5  -35.6 |   24.7   15.8
 301.540  9046.2 |  -19.5  -42.6  -37.5  -19.5 |  -21.6  -43.2  -39.0 |   21.6   17.4
 301.580  9047.4 |  -23.0  -41.9  -38.2  -23.0 |  -24.5  -42.4  -39.9 |   17.9   15.3
 301.620  9048.6 |  -28.2  -43.7  -39.7  -27.8 |  -29.9  -44.6  -41.3 |   14.7   11.4
 301.660  9049.8 |  -32.4  -43.5  -40.3  -31.3 |  -41.8  -45.3  -42.6 |    3.6    0.9
 301.700  9051.0 |  -36.4  -41.8  -38.8  -33.7 |  -40.8  -44.5  -39.7 |    3.7   -1.1
 301.740  9052.2 |  -50.4  -40.5  -42.9  -37.9 |  -49.1  -41.9  -44.9 |   -7.2   -4.1
 301.780  9053.4 |  -59.2  -39.7  -41.7  -37.8 |  -53.0  -40.8  -42.9 |  -12.2  -10.1
 301.820  9054.6 |  -70.9  -39.6  -44.0  -37.7 |  -53.7  -41.8  -45.4 |  -11.9   -8.3
 301.860  9055.8 |  -71.4  -40.3  -40.8  -37.3 |  -54.1  -42.8  -41.9 |  -11.3  -12.2
 301.900  9057.0 |  -71.6  -40.1  -45.7  -39.6 |  -54.1  -42.7  -48.3 |  -11.4   -5.8
 301.940  9058.2 |  -71.5  -39.9  -40.7  -37.8 |  -53.9  -41.1  -41.5 |  -12.8  -12.4
 301.980  9059.4 |  -72.2  -38.5  -42.8  -37.1 |  -53.5  -39.1  -44.1 |  -14.4   -9.4
 302.020  9060.6 |  -69.1  -37.2  -43.2  -36.2 |  -52.3  -37.9  -44.5 |  -14.4   -7.9
 302.060  9061.8 |  -24.1  -38.7  -43.4  -23.7 |  -41.1  -39.5  -44.3 |   -1.5    3.2
 302.100  9063.0 |  -19.6  -39.8  -47.5  -19.6 |  -38.4  -41.3  -49.0 |    2.9   10.6
 302.140  9064.2 |  -17.8  -36.0  -41.5  -17.9 |  -26.4  -43.5  -41.8 |   17.1   15.4
 302.180  9065.4 |  -17.4  -34.8  -44.4  -17.0 |  -25.3  -45.3  -44.7 |   20.0   19.5
 302.220  9066.6 |  -17.3  -33.8  -46.4  -17.2 |  -25.3  -46.4  -46.7 |   21.1   21.4
 302.260  9067.8 |  -17.7  -35.5  -45.8  -17.6 |  -26.5  -46.9  -46.1 |   20.4   19.6
 302.300  9069.0 |  -22.2  -34.8  -44.0  -22.1 |  -35.5  -48.1  -44.1 |   12.5    8.6
 302.340  9070.2 |  -18.2  -35.4  -43.5  -18.2 |  -39.8  -46.9  -43.8 |    7.1    4.0
 302.380  9071.4 |  -17.3  -35.7  -43.4  -17.3 |  -37.5  -45.7  -45.4 |    8.2    7.9
 302.420  9072.6 |  -19.6  -36.1  -43.6  -19.4 |  -22.7  -45.6  -44.1 |   22.9   21.4
 302.460  9073.8 |  -16.6  -36.4  -43.6  -16.6 |  -18.2  -46.3  -44.1 |   28.1   25.9
 302.500  9075.0 |  -19.3  -37.0  -42.6  -19.2 |  -25.6  -48.3  -43.4 |   22.6   17.8
 302.540  9076.2 |  -29.1  -37.7  -42.3  -28.3 |  -43.3  -50.2  -43.2 |    6.9   -0.1
 302.580  9077.4 |  -41.7  -38.3  -42.8  -36.3 |  -44.4  -49.7  -44.1 |    5.3   -0.4
 302.620  9078.6 |  -24.1  -38.5  -42.3  -24.0 |  -28.5  -49.8  -43.4 |   21.4   14.9
 302.660  9079.8 |  -24.3  -38.7  -45.5  -24.3 |  -29.1  -48.4  -47.5 |   19.3   18.4
 302.700  9081.0 |  -23.4  -38.7  -42.1  -23.2 |  -35.8  -46.7  -43.6 |   10.9    7.8
 302.740  9082.2 |  -19.4  -39.1  -43.1  -19.4 |  -39.8  -47.5  -44.2 |    7.7    4.3
 302.780  9083.4 |  -23.7  -39.6  -43.5  -23.5 |  -32.9  -48.6  -45.5 |   15.7   12.6
 302.820  9084.6 |  -28.4  -39.6  -43.0  -27.9 |  -29.2  -46.6  -45.1 |   17.4   15.9
 302.860  9085.8 |  -26.8  -39.4  -41.5  -26.3 |  -37.5  -44.8  -43.1 |    7.4    5.6
 302.900  9087.0 |  -20.2  -39.3  -40.1  -20.1 |  -36.1  -43.5  -41.5 |    7.4    5.4
 302.940  9088.2 |  -26.8  -39.5  -43.9  -26.5 |  -45.9  -43.3  -45.2 |   -2.6   -0.7
 302.980  9089.4 |  -26.3  -40.1  -42.4  -26.0 |  -33.1  -44.1  -43.4 |   11.0   10.4
 303.020  9090.6 |  -29.2  -40.3  -43.5  -28.9 |  -35.1  -43.9  -45.3 |    8.8   10.1
 303.060  9091.8 |  -32.1  -40.2  -44.0  -31.5 |  -43.9  -43.8  -45.6 |   -0.1    1.7
 303.100  9093.0 |  -28.6  -39.4  -44.2  -27.9 |  -45.7  -42.3  -44.9 |   -3.4   -0.8
 303.140  9094.2 |  -42.7  -40.1  -50.0  -37.7 |  -46.9  -43.2  -52.9 |   -3.7    6.0
 303.180  9095.4 |  -58.3  -41.0  -46.8  -39.9 |  -60.9  -44.2  -47.8 |  -16.8  -13.2
 303.220  9096.6 |  -71.9  -41.5  -50.7  -41.1 |  -63.7  -44.7  -52.6 |  -19.0  -11.0
 303.260  9097.8 |  -71.7  -41.9  -51.0  -41.3 |  -63.2  -45.1  -51.8 |  -18.1  -11.4
 303.300  9099.0 |  -71.8  -42.6  -54.5  -42.6 |  -62.7  -45.8  -56.7 |  -16.9   -6.0
 303.340  9100.2 |  -71.5  -42.4  -52.4  -41.8 |  -61.9  -45.1  -52.9 |  -16.8   -9.0
 303.380  9101.4 |  -71.6  -42.6  -59.4  -42.6 |  -61.4  -45.2  -60.8 |  -16.2   -0.6
 303.420  9102.6 |  -71.5  -42.3  -63.0  -42.3 |  -60.6  -44.8  -63.8 |  -15.8    3.1
 303.460  9103.8 |  -71.8  -41.1  -74.1  -41.1 |  -59.6  -42.4  -74.9 |  -17.2   15.3
 303.500  9105.0 |  -71.5  -34.3  -76.5  -34.3 |  -58.6  -41.6  -83.5 |  -17.0   24.9
 303.540  9106.2 |  -71.6  -32.8  -61.8  -32.7 |  -57.5  -40.7  -80.3 |  -16.9   22.7
 303.580  9107.4 |  -71.2  -29.3  -55.0  -29.2 |  -56.3  -40.0  -77.4 |  -16.4   21.0
 303.620  9108.6 |  -71.3  -30.8  -54.9  -30.8 |  -54.9  -39.1  -74.5 |  -15.7   19.7
 303.660  9109.8 |  -71.8  -28.8  -49.7  -28.8 |  -53.2  -37.8  -73.8 |  -15.4   20.6
 303.700  9111.0 |  -71.6  -30.0  -49.3  -29.9 |  -51.1  -35.9  -73.1 |  -15.2   22.0
 303.740  9112.2 |  -71.4  -32.2  -52.2  -32.2 |  -48.3  -38.0  -69.6 |  -10.3   21.2
 303.780  9113.4 |  -71.5  -33.4  -54.3  -33.4 |  -44.4  -42.4  -71.5 |   -2.0   27.1
